1 0 0
2 1 0
3 1 0
4 1 0
5 2 0
6 2 0
7 3 0
8 3 0
9 4 0
10 4 0
11 4 0
12 4 0
13 6 0
14 6 0
15 6 0
16 8 0
17 8 0
18 8 0
19 9 0
20 9 0
21 9 0
22 10 0
23 10 0
24 10 0
25 12 0
26 12 0
27 12 0
28 13 0
29 13 0
30 13 0
31 13 0
32 15 0
33 15 0
34 16 0
35 16 0
36 16 0
37 16 0
38 18 0
39 18 0
40 20 0
41 20 0
42 21 0
43 21 0
44 23 0
45 23 0
46 24 0
47 24 0
48 25 0
49 25 0
50 26 0
51 26 0
52 28 0
53 29 0
54 29 0
55 29 0
56 30 0
57 30 0
58 30 0
59 31 0
60 31 0
61 31 0
62 32 0
63 32 0
64 32 0
65 34 0
66 34 0
67 34 0
68 36 0
69 36 0
70 36 0
71 37 0
72 37 0
73 37 0
74 38 0
75 38 0
76 38 0
77 40 0
78 40 0
79 40 0
80 42 0
81 42 0
82 42 0
83 44 0
84 44 0
85 44 0
86 46 0
87 46 0
88 46 0
89 48 0
90 49 0
91 49 0
92 49 0
93 51 0
94 51 0
95 51 0
96 53 0
97 53 0
98 54 0
99 54 0
100 55 0
101 55 0
102 56 0
103 56 0
104 58 0
105 58 0
106 59 0
107 59 0
108 61 0
109 62 0
110 62 0
111 63 0
112 63 0
113 63 0
114 63 0
115 65 0
116 65 0
117 66 0
118 66 0
119 67 0
120 67 0
121 68 0
122 68 0
123 70 0
124 70 0
125 71 0
126 71 0
127 73 0
128 73 0
129 75 0
130 75 0
131 75 0
132 75 0
133 77 0
134 77 0
135 78 0
136 78 0
137 78 0
138 78 0
139 80 0
140 80 0
141 81 0
142 81 0
143 81 0
144 81 0
145 82 0
146 82 0
147 84 0
148 84 0
149 84 0
150 84 0
151 85 0
152 85 0
153 87 0
154 87 0
155 87 0
156 87 0
157 88 0
158 88 0
159 88 0
160 88 0
161 89 0
162 89 0
163 91 0
164 91 0
165 91 0
166 91 0
167 92 0
168 92 0
169 94 0
170 94 0
171 94 0
172 96 0
173 96 0
174 96 0
175 98 0
176 99 0
177 99 0
178 99 0
179 101 0
180 101 0
181 101 0
182 103 0
183 103 0
184 103 0
185 105 0
186 105 0
187 105 0
188 107 0
189 107 0
190 107 0
191 108 0
192 108 0
193 108 0
194 109 0
195 109 0
196 109 0
197 110 0
198 110 0
199 110 0
200 112 0
201 112 0
202 112 0
203 114 0
204 114 0
205 114 0
206 116 0
207 117 0
208 117 0
209 117 0
210 119 0
211 119 0
212 119 0
213 121 0
214 121 0
215 121 0
216 123 0
217 123 0
218 123 0
219 125 0
220 125 0
221 125 0
222 126 0
223 126 0
224 126 0
225 127 0
226 127 0
227 127 0
228 128 0
229 128 0
230 128 0
231 130 0
232 131 0
233 131 0
234 131 0
235 133 0
236 133 0
237 133 0
238 135 0
239 135 0
240 135 0
241 137 0
242 137 0
243 137 0
244 138 0
245 138 0
246 138 0
247 139 0
248 139 0
249 139 0
250 140 0
251 140 0
252 140 0
253 142 0
254 143 0
255 143 0
256 143 0
257 144 0
258 144 0
259 144 0
260 146 0
261 147 0
262 147 0
263 147 0
264 149 0
265 149 0
266 149 0
267 150 0
268 150 0
269 150 0
270 151 0
271 151 0
272 151 0
273 152 0
274 152 0
275 152 0
276 154 0
277 155 0
278 155 0
279 155 0
280 156 0
281 156 0
282 156 0
283 157 0
284 157 0
285 157 0
286 158 0
287 158 0
288 158 0
289 160 0
290 160 0
291 160 0
292 162 0
293 162 0
294 162 0
295 163 0
296 163 0
297 163 0
298 164 0
299 164 0
300 164 0
301 166 0
302 166 0
303 168 0
304 168 0
305 168 0
306 168 0
307 169 0
308 169 0
309 171 0
310 171 0
311 171 0
312 171 0
313 173 0
314 174 0
315 174 0
316 175 0
317 175 0
318 175 0
319 175 0
320 177 0
321 177 0
322 178 0
323 178 0
324 178 0
325 178 0
326 179 0
327 179 0
328 181 0
329 181 0
330 181 0
331 181 0
332 182 0
333 182 0
334 184 0
335 184 0
336 184 0
337 184 0
338 185 0
339 185 0
340 187 0
341 188 0
342 188 0
343 189 0
344 189 0
345 191 0
346 191 0
347 192 0
348 192 0
349 193 0
350 193 0
351 194 0
352 194 0
353 196 0
354 197 0
355 197 0
356 198 0
357 198 0
358 198 0
359 198 0
360 200 0
361 200 0
362 201 0
363 201 0
364 201 0
365 201 0
366 202 0
367 202 0
368 202 0
369 202 0
370 204 0
371 204 0
372 206 0
373 207 0
374 207 0
375 208 0
376 208 0
377 208 0
378 208 0
379 209 0
380 209 0
381 211 0
382 211 0
383 211 0
384 211 0
385 212 0
386 212 0
387 214 0
388 214 0
389 214 0
390 214 0
391 215 0
392 215 0
393 217 0
394 218 0
395 218 0
396 219 0
397 219 0
398 221 0
399 221 0
400 222 0
401 222 0
402 223 0
403 223 0
404 224 0
405 224 0
406 226 0
407 226 0
408 226 0
409 226 0
410 228 0
411 228 0
412 230 0
413 230 0
414 231 0
415 231 0
416 232 0
417 232 0
418 233 0
419 233 0
420 235 0
421 235 0
422 235 0
423 235 0
424 236 0
425 236 0
426 238 0
427 239 0
428 239 0
429 240 0
430 240 0
431 242 0
432 242 0
433 243 0
434 243 0
435 244 0
436 244 0
437 245 0
438 245 0
439 247 0
440 247 0
441 247 0
442 247 0
443 249 0
444 249 0
445 251 0
446 251 0
447 252 0
448 252 0
449 253 0
450 253 0
451 254 0
452 254 0
453 256 0
454 256 0
455 256 0
456 256 0
457 257 0
458 257 0
459 259 0
460 260 0
461 260 0
462 261 0
463 261 0
464 263 0
465 263 0
466 264 0
467 264 0
468 265 0
469 265 0
470 266 0
471 266 0
472 268 0
473 269 0
474 269 0
475 270 0
476 270 0
477 271 0
478 271 0
479 272 0
480 272 0
481 274 0
482 275 0
483 275 0
484 277 0
485 278 0
486 278 0
487 279 0
488 279 0
489 279 0
490 279 0
491 281 0
492 281 0
493 282 0
494 282 0
495 283 0
496 283 0
497 284 0
498 284 0
499 286 0
500 286 0
501 288 0
502 289 0
503 289 0
504 291 0
505 291 0
506 291 0
507 291 0
508 293 0
509 293 0
510 293 0
511 294 0
512 294 0
513 294 0
514 295 0
515 295 0
516 295 0
517 297 0
518 297 0
519 297 0
520 299 0
521 299 0
522 299 0
523 300 0
524 300 0
525 300 0
526 301 0
527 301 0
528 301 0
529 302 0
530 302 0
531 302 0
532 304 0
533 304 0
534 304 0
535 306 0
536 306 0
537 306 0
538 308 0
539 308 0
540 308 0
541 309 0
542 309 0
543 309 0
544 310 0
545 310 0
546 310 0
547 312 0
548 313 0
549 313 0
550 313 0
551 314 0
552 314 0
553 314 0
554 315 0
555 315 0
556 315 0
557 316 0
558 316 0
559 316 0
560 318 0
561 318 0
562 318 0
563 320 0
564 320 0
565 320 0
566 321 0
567 321 0
568 321 0
569 322 0
570 322 0
571 322 0
572 324 0
573 324 0
574 324 0
575 326 0
576 326 0
577 326 0
578 327 0
579 327 0
580 327 0
581 328 0
582 328 0
583 328 0
584 330 0
585 330 0
586 330 0
587 332 0
588 333 0
589 334 0
590 334 0
591 334 0
592 336 0
593 336 0
594 336 0
595 338 0
596 339 0
597 339 0
598 339 0
599 341 0
600 341 0
601 341 0
602 343 0
603 343 0
604 343 0
605 344 0
606 344 0
607 344 0
608 345 0
609 345 0
610 345 0
611 347 0
612 347 0
613 347 0
614 349 0
615 349 0
616 349 0
617 350 0
618 350 0
619 350 0
620 351 0
621 351 0
622 351 0
623 352 0
624 352 0
625 352 0
626 354 0
627 355 0
628 355 0
629 355 0
630 356 0
631 356 0
632 356 0
633 357 0
634 357 0
635 357 0
636 358 0
637 358 0
638 358 0
639 360 0
640 360 0
641 360 0
642 362 0
643 363 0
644 363 0
645 363 0
646 364 0
647 364 0
648 364 0
649 365 0
650 365 0
651 365 0
652 366 0
653 366 0
654 366 0
655 368 0
656 368 0
657 368 0
658 370 0
659 370 0
660 370 0
661 371 0
662 371 0
663 371 0
664 372 0
665 372 0
666 372 0
667 374 0
668 375 0
669 375 0
670 375 0
671 376 0
672 376 0
673 376 0
674 377 0
675 377 0
676 377 0
677 378 0
678 378 0
679 378 0
680 380 0
681 380 0
682 380 0
683 382 0
684 382 0
685 382 0
686 384 0
687 384 0
688 384 0
689 386 0
690 387 0
691 388 0
692 389 0
693 389 0
694 389 0
695 391 0
696 391 0
697 391 0
698 392 0
699 392 0
700 392 0
701 394 0
702 394 0
703 394 0
704 395 0
705 395 0
706 395 0
707 396 0
708 396 0
709 396 0
710 398 0
711 398 0
712 398 0
713 400 0
714 400 0
715 400 0
716 402 0
717 403 0
718 403 0
719 403 0
720 405 0
721 405 0
722 405 0
723 406 0
724 406 0
725 406 0
726 408 0
727 408 0
728 408 0
729 409 0
730 409 0
731 409 0
732 410 0
733 410 0
734 410 0
735 412 0
736 412 0
737 412 0
738 414 0
739 415 0
740 416 0
741 416 0
742 416 0
743 418 0
744 418 0
745 418 0
746 420 0
747 421 0
748 421 0
749 421 0
750 423 0
751 424 0
752 425 0
753 425 0
754 425 0
755 426 0
756 426 0
757 426 0
758 427 0
759 427 0
760 427 0
761 428 0
762 428 0
763 428 0
764 430 0
765 430 0
766 430 0
767 432 0
768 432 0
769 432 0
770 434 0
771 435 0
772 435 0
773 435 0
774 437 0
775 437 0
776 437 0
777 439 0
778 439 0
779 439 0
780 440 0
781 440 0
782 440 0
783 441 0
784 441 0
785 441 0
786 442 0
787 442 0
788 442 0
789 444 0
790 444 0
791 444 0
792 446 0
793 446 0
794 446 0
795 448 0
796 448 0
797 448 0
798 450 0
799 451 0
800 452 0
801 453 0
802 454 0
803 455 0
804 455 0
805 455 0
806 456 0
807 456 0
808 456 0
809 458 0
810 458 0
811 458 0
812 460 0
813 461 0
814 461 0
815 461 0
816 463 0
817 464 0
818 465 0
819 465 0
820 465 0
821 467 0
822 467 0
823 467 0
824 468 0
825 468 0
826 468 0
827 469 0
828 469 0
829 469 0
830 471 0
831 471 0
832 471 0
833 472 0
834 472 0
835 472 0
836 474 0
837 474 0
838 474 0
839 476 0
840 477 0
841 478 0
842 479 0
843 479 0
844 479 0
845 481 0
846 481 0
847 481 0
848 483 0
849 483 0
850 483 0
851 484 0
852 484 0
853 484 0
854 485 0
855 485 0
856 485 0
857 487 0
858 487 0
859 487 0
860 488 0
861 488 0
862 488 0
863 488 0
864 490 0
865 490 0
866 492 0
867 492 0
868 493 0
869 493 0
870 495 0
871 495 0
872 496 0
873 496 0
874 497 0
875 497 0
876 498 0
877 498 0
878 500 0
879 500 0
880 500 0
881 500 0
882 501 0
883 501 0
884 503 0
885 504 0
886 505 0
887 505 0
888 507 0
889 507 0
890 508 0
891 508 0
892 509 0
893 509 0
894 510 0
895 510 0
896 512 0
897 513 0
898 513 0
899 514 0
900 514 0
901 514 0
902 514 0
903 516 0
904 516 0
905 517 0
906 517 0
907 518 0
908 518 0
909 520 0
910 521 0
911 521 0
912 522 0
913 522 0
914 524 0
915 524 0
916 526 0
917 526 0
918 526 0
919 526 0
920 528 0
921 528 0
922 529 0
923 529 0
924 530 0
925 530 0
926 531 0
927 531 0
928 533 0
929 534 0
930 534 0
931 536 0
932 537 0
933 537 0
934 538 0
935 538 0
936 538 0
937 538 0
938 540 0
939 541 0
940 541 0
941 542 0
942 542 0
943 543 0
944 543 0
945 545 0
946 545 0
947 547 0
948 548 0
949 548 0
950 550 0
951 550 0
952 550 0
953 550 0
954 552 0
955 552 0
956 553 0
957 553 0
958 554 0
959 554 0
960 555 0
961 555 0
962 557 0
963 557 0
964 558 0
965 558 0
966 560 0
967 560 0
968 562 0
969 562 0
970 562 0
971 562 0
972 564 0
973 564 0
974 565 0
975 565 0
976 565 0
977 565 0
978 566 0
979 566 0
980 568 0
981 568 0
982 568 0
983 568 0
984 569 0
985 569 0
986 571 0
987 571 0
988 571 0
989 571 0
990 572 0
991 572 0
992 572 0
993 572 0
994 574 0
995 574 0
996 575 0
997 575 0
998 575 0
999 575 0
1000 577 0
1001 577 0
1002 578 0
1003 578 0
1004 578 0
1005 578 0
1006 580 0
1007 580 0
1008 582 0
1009 582 0
1010 583 0
1011 583 0
1012 585 0
1013 585 0
1014 586 0
1015 586 0
1016 587 0
1017 587 0
1018 588 0
1019 588 0
1020 590 0
1021 590 0
1022 590 0
1023 590 0
1024 591 0
1025 591 0
1026 593 0
1027 594 0
1028 594 0
1029 595 0
1030 595 0
1031 597 0
1032 598 0
1033 598 0
1034 599 0
1035 599 0
1036 600 0
1037 600 0
1038 602 0
1039 603 0
1040 603 0
1041 604 0
1042 604 0
1043 606 0
1044 606 0
1045 608 0
1046 608 0
1047 609 0
1048 609 0
1049 611 0
1050 612 0
1051 612 0
1052 613 0
1053 613 0
1054 613 0
1055 613 0
1056 614 0
1057 614 0
1058 616 0
1059 616 0
1060 616 0
1061 616 0
1062 618 0
1063 619 0
1064 619 0
1065 620 0
1066 620 0
1067 621 0
1068 621 0
1069 623 0
1070 624 0
1071 624 0
1072 626 0
1073 627 0
1074 627 0
1075 628 0
1076 628 0
1077 628 0
1078 628 0
1079 630 0
1080 630 0
1081 631 0
1082 631 0
1083 632 0
1084 632 0
1085 633 0
1086 633 0
1087 635 0
1088 635 0
1089 637 0
1090 638 0
1091 638 0
1092 640 0
1093 640 0
1094 640 0
1095 640 0
1096 642 0
1097 642 0
1098 643 0
1099 643 0
1100 644 0
1101 644 0
1102 645 0
1103 645 0
1104 647 0
1105 647 0
1106 648 0
1107 648 0
1108 650 0
1109 651 0
1110 651 0
1111 652 0
1112 652 0
1113 652 0
1114 652 0
1115 654 0
1116 654 0
1117 655 0
1118 655 0
1119 655 0
1120 655 0
1121 657 0
1122 657 0
1123 658 0
1124 658 0
1125 658 0
1126 658 0
1127 659 0
1128 659 0
1129 661 0
1130 661 0
1131 661 0
1132 661 0
1133 662 0
1134 662 0
1135 662 0
1136 662 0
1137 664 0
1138 664 0
1139 665 0
1140 665 0
1141 665 0
1142 665 0
1143 667 0
1144 667 0
1145 669 0
1146 669 0
1147 670 0
1148 670 0
1149 671 0
1150 671 0
1151 672 0
1152 672 0
1153 674 0
1154 674 0
1155 675 0
1156 675 0
1157 677 0
1158 677 0
1159 679 0
1160 679 0
1161 679 0
1162 679 0
1163 680 0
1164 680 0
1165 682 0
1166 682 0
1167 682 0
1168 682 0
1169 683 0
1170 683 0
1171 685 0
1172 685 0
1173 685 0
1174 685 0
1175 686 0
1176 686 0
1177 686 0
1178 686 0
1179 687 0
1180 687 0
1181 689 0
1182 689 0
1183 689 0
1184 689 0
1185 690 0
1186 690 0
1187 692 0
1188 693 0
1189 693 0
1190 694 0
1191 694 0
1192 695 0
1193 695 0
1194 696 0
1195 696 0
1196 698 0
1197 698 0
1198 699 0
1199 699 0
1200 701 0
1201 701 0
1202 703 0
1203 703 0
1204 703 0
1205 703 0
1206 705 0
1207 705 0
1208 706 0
1209 706 0
1210 706 0
1211 706 0
1212 707 0
1213 707 0
1214 709 0
1215 709 0
1216 709 0
1217 709 0
1218 710 0
1219 710 0
1220 712 0
1221 712 0
1222 712 0
1223 712 0
1224 713 0
1225 713 0
1226 713 0
1227 713 0
1228 715 0
1229 715 0
1230 717 0
1231 717 0
1232 718 0
1233 718 0
1234 719 0
1235 719 0
1236 720 0
1237 720 0
1238 722 0
1239 722 0
1240 723 0
1241 723 0
1242 725 0
1243 726 0
1244 726 0
1245 727 0
1246 727 0
1247 727 0
1248 727 0
1249 729 0
1250 729 0
1251 730 0
1252 730 0
1253 730 0
1254 730 0
1255 732 0
1256 732 0
1257 734 0
1258 734 0
1259 734 0
1260 734 0
1261 735 0
1262 735 0
1263 737 0
1264 737 0
1265 737 0
1266 737 0
1267 738 0
1268 738 0
1269 740 0
1270 741 0
1271 741 0
1272 742 0
1273 742 0
1274 743 0
1275 743 0
1276 744 0
1277 744 0
1278 746 0
1279 746 0
1280 747 0
1281 747 0
1282 749 0
1283 750 0
1284 750 0
1285 751 0
1286 751 0
1287 751 0
1288 751 0
1289 753 0
1290 753 0
1291 755 0
1292 756 0
1293 756 0
1294 757 0
1295 757 0
1296 757 0
1297 757 0
1298 758 0
1299 758 0
1300 760 0
1301 760 0
1302 760 0
1303 760 0
1304 761 0
1305 761 0
1306 761 0
1307 761 0
1308 763 0
1309 763 0
1310 764 0
1311 764 0
1312 766 0
1313 767 0
1314 767 0
1315 769 0
1316 769 0
1317 769 0
1318 769 0
1319 770 0
1320 770 0
1321 770 0
1322 770 0
1323 772 0
1324 772 0
1325 773 0
1326 773 0
1327 773 0
1328 773 0
1329 774 0
1330 774 0
1331 776 0
1332 776 0
1333 776 0
1334 776 0
1335 778 0
1336 778 0
1337 780 0
1338 780 0
1339 781 0
1340 781 0
1341 783 0
1342 783 0
1343 784 0
1344 784 0
1345 785 0
1346 785 0
1347 786 0
1348 786 0
1349 788 0
1350 789 0
1351 789 0
1352 791 0
1353 792 0
1354 792 0
1355 793 0
1356 793 0
1357 793 0
1358 793 0
1359 794 0
1360 794 0
1361 794 0
1362 794 0
1363 796 0
1364 796 0
1365 797 0
1366 797 0
1367 797 0
1368 797 0
1369 798 0
1370 798 0
1371 800 0
1372 800 0
1373 800 0
1374 800 0
1375 802 0
1376 802 0
1377 804 0
1378 804 0
1379 805 0
1380 805 0
1381 807 0
1382 807 0
1383 808 0
1384 808 0
1385 809 0
1386 809 0
1387 810 0
1388 810 0
1389 812 0
1390 813 0
1391 813 0
1392 813 0
1393 814 0
1394 814 0
1395 814 0
1396 815 0
1397 815 0
1398 815 0
1399 816 0
1400 816 0
1401 816 0
1402 818 0
1403 818 0
1404 818 0
1405 820 0
1406 820 0
1407 820 0
1408 822 0
1409 823 0
1410 824 0
1411 824 0
1412 824 0
1413 826 0
1414 827 0
1415 827 0
1416 827 0
1417 829 0
1418 829 0
1419 829 0
1420 831 0
1421 831 0
1422 831 0
1423 832 0
1424 832 0
1425 832 0
1426 833 0
1427 833 0
1428 833 0
1429 834 0
1430 834 0
1431 834 0
1432 836 0
1433 836 0
1434 836 0
1435 838 0
1436 838 0
1437 838 0
1438 840 0
1439 841 0
1440 842 0
1441 843 0
1442 843 0
1443 843 0
1444 845 0
1445 845 0
1446 845 0
1447 847 0
1448 847 0
1449 847 0
1450 848 0
1451 848 0
1452 848 0
1453 849 0
1454 849 0
1455 849 0
1456 850 0
1457 850 0
1458 850 0
1459 852 0
1460 852 0
1461 852 0
1462 854 0
1463 854 0
1464 854 0
1465 856 0
1466 857 0
1467 857 0
1468 857 0
1469 859 0
1470 859 0
1471 859 0
1472 861 0
1473 861 0
1474 861 0
1475 863 0
1476 863 0
1477 863 0
1478 864 0
1479 864 0
1480 864 0
1481 865 0
1482 865 0
1483 865 0
1484 866 0
1485 866 0
1486 866 0
1487 868 0
1488 868 0
1489 868 0
1490 870 0
1491 870 0
1492 870 0
1493 872 0
1494 873 0
1495 873 0
1496 873 0
1497 875 0
1498 875 0
1499 875 0
1500 877 0
1501 877 0
1502 877 0
1503 879 0
1504 879 0
1505 879 0
1506 880 0
1507 880 0
1508 880 0
1509 881 0
1510 881 0
1511 881 0
1512 883 0
1513 883 0
1514 883 0
1515 884 0
1516 884 0
1517 884 0
1518 886 0
1519 887 0
1520 887 0
1521 887 0
1522 889 0
1523 889 0
1524 889 0
1525 891 0
1526 891 0
1527 891 0
1528 893 0
1529 893 0
1530 893 0
1531 894 0
1532 894 0
1533 894 0
1534 895 0
1535 895 0
1536 895 0
1537 897 0
1538 897 0
1539 897 0
1540 898 0
1541 898 0
1542 898 0
1543 900 0
1544 900 0
1545 900 0
1546 902 0
1547 903 0
1548 903 0
1549 903 0
1550 905 0
1551 905 0
1552 905 0
1553 907 0
1554 907 0
1555 907 0
1556 909 0
1557 909 0
1558 909 0
1559 911 0
1560 911 0
1561 911 0
1562 912 0
1563 912 0
1564 912 0
1565 913 0
1566 913 0
1567 913 0
1568 915 0
1569 915 0
1570 915 0
1571 917 0
1572 917 0
1573 917 0
1574 918 0
1575 918 0
1576 918 0
1577 919 0
1578 919 0
1579 919 0
1580 921 0
1581 921 0
1582 921 0
1583 923 0
1584 923 0
1585 923 0
1586 924 0
1587 924 0
1588 924 0
1589 925 0
1590 925 0
1591 925 0
1592 927 0
1593 928 0
1594 929 0
1595 929 0
1596 929 0
1597 930 0
1598 930 0
1599 930 0
1600 932 0
1601 932 0
1602 932 0
1603 934 0
1604 935 0
1605 935 0
1606 935 0
1607 936 0
1608 936 0
1609 936 0
1610 937 0
1611 937 0
1612 937 0
1613 938 0
1614 938 0
1615 938 0
1616 940 0
1617 940 0
1618 940 0
1619 942 0
1620 942 0
1621 942 0
1622 944 0
1623 944 0
1624 944 0
1625 946 0
1626 946 0
1627 946 0
1628 948 0
1629 948 0
1630 948 0
1631 949 0
1632 949 0
1633 949 0
1634 950 0
1635 950 0
1636 950 0
1637 952 0
1638 953 0
1639 954 0
1640 954 0
1641 954 0
1642 956 0
1643 956 0
1644 956 0
1645 958 0
1646 958 0
1647 958 0
1648 960 0
1649 961 0
1650 961 0
1651 961 0
1652 963 0
1653 963 0
1654 963 0
1655 964 0
1656 964 0
1657 964 0
1658 966 0
1659 966 0
1660 966 0
1661 967 0
1662 967 0
1663 967 0
1664 968 0
1665 968 0
1666 968 0
1667 970 0
1668 970 0
1669 970 0
1670 972 0
1671 973 0
1672 974 0
1673 974 0
1674 974 0
1675 976 0
1676 977 0
1677 977 0
1678 977 0
1679 979 0
1680 979 0
1681 979 0
1682 980 0
1683 980 0
1684 980 0
1685 982 0
1686 982 0
1687 982 0
1688 984 0
1689 985 0
1690 985 0
1691 985 0
1692 987 0
1693 987 0
1694 987 0
1695 989 0
1696 989 0
1697 989 0
1698 991 0
1699 991 0
1700 991 0
1701 992 0
1702 992 0
1703 992 0
1704 993 0
1705 993 0
1706 993 0
1707 994 0
1708 994 0
1709 994 0
1710 996 0
1711 997 0
1712 997 0
1713 997 0
1714 998 0
1715 998 0
1716 998 0
1717 999 0
1718 999 0
1719 999 0
1720 1000 0
1721 1000 0
1722 1000 0
1723 1002 0
1724 1002 0
1725 1002 0
1726 1004 0
1727 1005 0
1728 1005 0
1729 1005 0
1730 1007 0
1731 1007 0
1732 1007 0
1733 1009 0
1734 1009 0
1735 1009 0
1736 1011 0
1737 1011 0
1738 1011 0
1739 1012 0
1740 1012 0
1741 1012 0
1742 1013 0
1743 1013 0
1744 1013 0
1745 1015 0
1746 1015 0
1747 1015 0
1748 1016 0
1749 1016 0
1750 1016 0
1751 1018 0
1752 1018 0
1753 1018 0
1754 1020 0
1755 1021 0
1756 1021 0
1757 1021 0
1758 1023 0
1759 1023 0
1760 1023 0
1761 1025 0
1762 1025 0
1763 1025 0
1764 1027 0
1765 1027 0
1766 1027 0
1767 1028 0
1768 1028 0
1769 1028 0
1770 1029 0
1771 1029 0
1772 1029 0
1773 1031 0
1774 1031 0
1775 1031 0
1776 1032 0
1777 1032 0
1778 1032 0
1779 1034 0
1780 1034 0
1781 1034 0
1782 1036 0
1783 1037 0
1784 1037 0
1785 1037 0
1786 1039 0
1787 1039 0
1788 1039 0
1789 1041 0
1790 1041 0
1791 1041 0
1792 1043 0
1793 1043 0
1794 1043 0
1795 1045 0
1796 1045 0
1797 1045 0
1798 1046 0
1799 1046 0
1800 1046 0
1801 1047 0
1802 1047 0
1803 1047 0
1804 1049 0
1805 1049 0
1806 1049 0
1807 1051 0
1808 1051 0
1809 1051 0
1810 1052 0
1811 1052 0
1812 1052 0
1813 1053 0
1814 1053 0
1815 1053 0
1816 1055 0
1817 1056 0
1818 1057 0
1819 1057 0
1820 1057 0
1821 1059 0
1822 1059 0
1823 1059 0
1824 1060 0
1825 1060 0
1826 1060 0
1827 1062 0
1828 1063 0
1829 1063 0
1830 1063 0
1831 1064 0
1832 1064 0
1833 1064 0
1834 1065 0
1835 1065 0
1836 1065 0
1837 1067 0
1838 1067 0
1839 1067 0
1840 1069 0
1841 1069 0
1842 1069 0
1843 1070 0
1844 1070 0
1845 1070 0
1846 1072 0
1847 1072 0
1848 1072 0
1849 1074 0
1850 1074 0
1851 1074 0
1852 1076 0
1853 1076 0
1854 1076 0
1855 1077 0
1856 1077 0
1857 1077 0
1858 1078 0
1859 1078 0
1860 1078 0
1861 1080 0
1862 1080 0
1863 1080 0
1864 1082 0
1865 1082 0
1866 1082 0
1867 1084 0
1868 1085 0
1869 1085 0
1870 1085 0
1871 1087 0
1872 1087 0
1873 1087 0
1874 1089 0
1875 1089 0
1876 1089 0
1877 1091 0
1878 1091 0
1879 1091 0
1880 1093 0
1881 1093 0
1882 1093 0
1883 1094 0
1884 1094 0
1885 1094 0
1886 1095 0
1887 1095 0
1888 1095 0
1889 1096 0
1890 1096 0
1891 1096 0
1892 1098 0
1893 1099 0
1894 1099 0
1895 1099 0
1896 1100 0
1897 1100 0
1898 1100 0
1899 1102 0
1900 1103 0
1901 1103 0
1902 1103 0
1903 1105 0
1904 1105 0
1905 1105 0
1906 1107 0
1907 1107 0
1908 1107 0
1909 1109 0
1910 1110 0
1911 1111 0
1912 1111 0
1913 1111 0
1914 1112 0
1915 1112 0
1916 1112 0
1917 1113 0
1918 1113 0
1919 1113 0
1920 1114 0
1921 1114 0
1922 1114 0
1923 1116 0
1924 1117 0
1925 1118 0
1926 1119 0
1927 1119 0
1928 1119 0
1929 1120 0
1930 1120 0
1931 1120 0
1932 1122 0
1933 1122 0
1934 1122 0
1935 1124 0
1936 1124 0
1937 1124 0
1938 1126 0
1939 1127 0
1940 1127 0
1941 1127 0
1942 1129 0
1943 1129 0
1944 1129 0
1945 1131 0
1946 1131 0
1947 1131 0
1948 1133 0
1949 1133 0
1950 1133 0
1951 1135 0
1952 1135 0
1953 1135 0
1954 1136 0
1955 1136 0
1956 1136 0
1957 1137 0
1958 1137 0
1959 1137 0
1960 1139 0
1961 1139 0
1962 1139 0
1963 1141 0
1964 1141 0
1965 1141 0
1966 1142 0
1967 1142 0
1968 1142 0
1969 1143 0
1970 1143 0
1971 1143 0
1972 1145 0
1973 1145 0
1974 1145 0
1975 1147 0
1976 1147 0
1977 1147 0
1978 1148 0
1979 1148 0
1980 1148 0
1981 1150 0
1982 1151 0
1983 1152 0
1984 1153 0
1985 1153 0
1986 1153 0
1987 1154 0
1988 1154 0
1989 1154 0
1990 1156 0
1991 1156 0
1992 1156 0
1993 1158 0
1994 1159 0
1995 1159 0
1996 1159 0
1997 1160 0
1998 1160 0
1999 1160 0
2000 1161 0
2001 1161 0
2002 1161 0
2003 1162 0
2004 1162 0
2005 1162 0
2006 1164 0
2007 1164 0
2008 1164 0
2009 1166 0
2010 1166 0
2011 1166 0
2012 1168 0
2013 1169 0
2014 1169 0
2015 1169 0
2016 1171 0
2017 1171 0
2018 1171 0
2019 1173 0
2020 1173 0
2021 1173 0
2022 1175 0
2023 1175 0
2024 1175 0
2025 1177 0
2026 1177 0
2027 1177 0
2028 1178 0
2029 1178 0
2030 1178 0
2031 1179 0
2032 1179 0
2033 1179 0
2034 1180 0
2035 1180 0
2036 1180 0
2037 1182 0
2038 1183 0
2039 1183 0
2040 1183 0
2041 1185 0
2042 1185 0
2043 1185 0
2044 1187 0
2045 1187 0
2046 1187 0
2047 1189 0
2048 1189 0
2049 1189 0
2050 1191 0
2051 1192 0
2052 1193 0
2053 1193 0
2054 1193 0
2055 1194 0
2056 1194 0
2057 1194 0
2058 1196 0
2059 1196 0
2060 1196 0
2061 1198 0
2062 1198 0
2063 1198 0
2064 1199 0
2065 1199 0
2066 1199 0
2067 1200 0
2068 1200 0
2069 1200 0
2070 1202 0
2071 1202 0
2072 1202 0
2073 1204 0
2074 1204 0
2075 1204 0
2076 1206 0
2077 1207 0
2078 1207 0
2079 1207 0
2080 1209 0
2081 1209 0
2082 1209 0
2083 1211 0
2084 1211 0
2085 1211 0
2086 1213 0
2087 1213 0
2088 1213 0
2089 1215 0
2090 1215 0
2091 1215 0
2092 1216 0
2093 1216 0
2094 1216 0
2095 1217 0
2096 1217 0
2097 1217 0
2098 1219 0
2099 1219 0
2100 1219 0
2101 1221 0
2102 1221 0
2103 1221 0
2104 1223 0
2105 1223 0
2106 1223 0
2107 1225 0
2108 1225 0
2109 1225 0
2110 1226 0
2111 1226 0
2112 1226 0
2113 1228 0
2114 1229 0
2115 1229 0
2116 1229 0
2117 1230 0
2118 1230 0
2119 1230 0
2120 1231 0
2121 1231 0
2122 1231 0
2123 1233 0
2124 1233 0
2125 1233 0
2126 1234 0
2127 1234 0
2128 1234 0
2129 1236 0
2130 1236 0
2131 1236 0
2132 1237 0
2133 1237 0
2134 1237 0
2135 1238 0
2136 1238 0
2137 1238 0
2138 1240 0
2139 1241 0
2140 1241 0
2141 1241 0
2142 1243 0
2143 1243 0
2144 1243 0
2145 1244 0
2146 1244 0
2147 1244 0
2148 1245 0
2149 1245 0
2150 1245 0
2151 1246 0
2152 1246 0
2153 1246 0
2154 1248 0
2155 1249 0
2156 1249 0
2157 1249 0
2158 1250 0
2159 1250 0
2160 1250 0
2161 1251 0
2162 1251 0
2163 1251 0
2164 1252 0
2165 1252 0
2166 1252 0
2167 1254 0
2168 1254 0
2169 1254 0
2170 1256 0
2171 1256 0
2172 1256 0
2173 1257 0
2174 1257 0
2175 1257 0
2176 1258 0
2177 1258 0
2178 1258 0
2179 1260 0
2180 1260 0
2181 1260 0
2182 1262 0
2183 1262 0
2184 1262 0
2185 1263 0
2186 1263 0
2187 1263 0
2188 1264 0
2189 1264 0
2190 1264 0
2191 1266 0
2192 1267 0
2193 1268 0
2194 1268 0
2195 1268 0
2196 1270 0
2197 1270 0
2198 1270 0
2199 1272 0
2200 1272 0
2201 1272 0
2202 1274 0
2203 1275 0
2204 1275 0
2205 1275 0
2206 1277 0
2207 1277 0
2208 1277 0
2209 1279 0
2210 1279 0
2211 1279 0
2212 1281 0
2213 1281 0
2214 1281 0
2215 1282 0
2216 1282 0
2217 1282 0
2218 1283 0
2219 1283 0
2220 1283 0
2221 1284 0
2222 1284 0
2223 1284 0
2224 1286 0
2225 1286 0
2226 1286 0
2227 1288 0
2228 1288 0
2229 1288 0
2230 1289 0
2231 1289 0
2232 1289 0
2233 1290 0
2234 1290 0
2235 1290 0
2236 1292 0
2237 1293 0
2238 1293 0
2239 1293 0
2240 1294 0
2241 1294 0
2242 1294 0
2243 1295 0
2244 1295 0
2245 1295 0
2246 1296 0
2247 1296 0
2248 1296 0
2249 1298 0
2250 1299 0
2251 1299 0
2252 1299 0
2253 1300 0
2254 1300 0
2255 1300 0
2256 1301 0
2257 1301 0
2258 1301 0
2259 1302 0
2260 1302 0
2261 1302 0
2262 1304 0
2263 1304 0
2264 1304 0
2265 1306 0
2266 1306 0
2267 1306 0
2268 1308 0
2269 1309 0
2270 1310 0
2271 1310 0
2272 1310 0
2273 1312 0
2274 1313 0
2275 1313 0
2276 1313 0
2277 1315 0
2278 1315 0
2279 1315 0
2280 1317 0
2281 1317 0
2282 1318 0
2283 1318 0
2284 1319 0
2285 1319 0
2286 1320 0
2287 1320 0
2288 1322 0
2289 1322 0
2290 1323 0
2291 1323 0
2292 1325 0
2293 1326 0
2294 1326 0
2295 1327 0
2296 1327 0
2297 1327 0
2298 1327 0
2299 1329 0
2300 1329 0
2301 1330 0
2302 1330 0
2303 1330 0
2304 1330 0
2305 1332 0
2306 1332 0
2307 1334 0
2308 1334 0
2309 1336 0
2310 1336 0
2311 1336 0
2312 1336 0
2313 1337 0
2314 1337 0
2315 1337 0
2316 1337 0
2317 1338 0
2318 1338 0
2319 1340 0
2320 1340 0
2321 1340 0
2322 1340 0
2323 1341 0
2324 1341 0
2325 1343 0
2326 1344 0
2327 1344 0
2328 1345 0
2329 1345 0
2330 1346 0
2331 1346 0
2332 1347 0
2333 1347 0
2334 1349 0
2335 1349 0
2336 1350 0
2337 1350 0
2338 1352 0
2339 1353 0
2340 1353 0
2341 1354 0
2342 1354 0
2343 1354 0
2344 1354 0
2345 1356 0
2346 1356 0
2347 1357 0
2348 1357 0
2349 1357 0
2350 1357 0
2351 1358 0
2352 1358 0
2353 1360 0
2354 1360 0
2355 1360 0
2356 1360 0
2357 1362 0
2358 1363 0
2359 1363 0
2360 1364 0
2361 1364 0
2362 1364 0
2363 1364 0
2364 1366 0
2365 1366 0
2366 1367 0
2367 1367 0
2368 1367 0
2369 1367 0
2370 1368 0
2371 1368 0
2372 1370 0
2373 1371 0
2374 1371 0
2375 1372 0
2376 1372 0
2377 1374 0
2378 1374 0
2379 1375 0
2380 1375 0
2381 1376 0
2382 1376 0
2383 1377 0
2384 1377 0
2385 1379 0
2386 1380 0
2387 1380 0
2388 1381 0
2389 1381 0
2390 1381 0
2391 1381 0
2392 1383 0
2393 1383 0
2394 1385 0
2395 1385 0
2396 1385 0
2397 1385 0
2398 1387 0
2399 1387 0
2400 1388 0
2401 1388 0
2402 1388 0
2403 1388 0
2404 1389 0
2405 1389 0
2406 1391 0
2407 1391 0
2408 1391 0
2409 1391 0
2410 1392 0
2411 1392 0
2412 1394 0
2413 1394 0
2414 1394 0
2415 1394 0
2416 1395 0
2417 1395 0
2418 1397 0
2419 1398 0
2420 1398 0
2421 1399 0
2422 1399 0
2423 1401 0
2424 1401 0
2425 1402 0
2426 1402 0
2427 1403 0
2428 1403 0
2429 1404 0
2430 1404 0
2431 1406 0
2432 1406 0
2433 1408 0
2434 1409 0
2435 1409 0
2436 1411 0
2437 1411 0
2438 1411 0
2439 1411 0
2440 1412 0
2441 1412 0
2442 1412 0
2443 1412 0
2444 1414 0
2445 1414 0
2446 1416 0
2447 1417 0
2448 1417 0
2449 1418 0
2450 1418 0
2451 1418 0
2452 1418 0
2453 1419 0
2454 1419 0
2455 1421 0
2456 1421 0
2457 1421 0
2458 1421 0
2459 1423 0
2460 1423 0
2461 1425 0
2462 1425 0
2463 1426 0
2464 1426 0
2465 1428 0
2466 1428 0
2467 1429 0
2468 1429 0
2469 1430 0
2470 1430 0
2471 1431 0
2472 1431 0
2473 1433 0
2474 1434 0
2475 1434 0
2476 1435 0
2477 1435 0
2478 1435 0
2479 1435 0
2480 1437 0
2481 1438 0
2482 1438 0
2483 1439 0
2484 1439 0
2485 1439 0
2486 1439 0
2487 1441 0
2488 1441 0
2489 1442 0
2490 1442 0
2491 1442 0
2492 1442 0
2493 1443 0
2494 1443 0
2495 1445 0
2496 1445 0
2497 1445 0
2498 1445 0
2499 1447 0
2500 1447 0
2501 1449 0
2502 1449 0
2503 1450 0
2504 1450 0
2505 1452 0
2506 1452 0
2507 1453 0
2508 1453 0
2509 1454 0
2510 1454 0
2511 1455 0
2512 1455 0
2513 1457 0
2514 1458 0
2515 1458 0
2516 1459 0
2517 1459 0
2518 1459 0
2519 1459 0
2520 1461 0
2521 1461 0
2522 1462 0
2523 1462 0
2524 1462 0
2525 1462 0
2526 1463 0
2527 1463 0
2528 1463 0
2529 1463 0
2530 1465 0
2531 1465 0
2532 1466 0
2533 1466 0
2534 1466 0
2535 1466 0
2536 1468 0
2537 1468 0
2538 1469 0
2539 1469 0
2540 1469 0
2541 1469 0
2542 1470 0
2543 1470 0
2544 1472 0
2545 1473 0
2546 1473 0
2547 1475 0
2548 1475 0
2549 1475 0
2550 1475 0
2551 1477 0
2552 1477 0
2553 1479 0
2554 1479 0
2555 1480 0
2556 1480 0
2557 1482 0
2558 1482 0
2559 1483 0
2560 1483 0
2561 1484 0
2562 1484 0
2563 1485 0
2564 1485 0
2565 1487 0
2566 1487 0
2567 1487 0
2568 1487 0
2569 1489 0
2570 1489 0
2571 1491 0
2572 1491 0
2573 1492 0
2574 1492 0
2575 1494 0
2576 1494 0
2577 1495 0
2578 1495 0
2579 1496 0
2580 1496 0
2581 1497 0
2582 1497 0
2583 1499 0
2584 1499 0
2585 1499 0
2586 1499 0
2587 1501 0
2588 1501 0
2589 1503 0
2590 1503 0
2591 1504 0
2592 1504 0
2593 1506 0
2594 1506 0
2595 1507 0
2596 1507 0
2597 1508 0
2598 1508 0
2599 1508 0
2600 1508 0
2601 1509 0
2602 1509 0
2603 1511 0
2604 1512 0
2605 1512 0
2606 1513 0
2607 1513 0
2608 1514 0
2609 1514 0
2610 1515 0
2611 1515 0
2612 1517 0
2613 1518 0
2614 1518 0
2615 1519 0
2616 1519 0
2617 1521 0
2618 1521 0
2619 1523 0
2620 1523 0
2621 1524 0
2622 1524 0
2623 1526 0
2624 1527 0
2625 1527 0
2626 1528 0
2627 1528 0
2628 1528 0
2629 1528 0
2630 1530 0
2631 1530 0
2632 1531 0
2633 1531 0
2634 1532 0
2635 1532 0
2636 1534 0
2637 1535 0
2638 1535 0
2639 1537 0
2640 1537 0
2641 1537 0
2642 1537 0
2643 1539 0
2644 1539 0
2645 1540 0
2646 1540 0
2647 1541 0
2648 1541 0
2649 1542 0
2650 1542 0
2651 1544 0
2652 1544 0
2653 1545 0
2654 1545 0
2655 1547 0
2656 1547 0
2657 1549 0
2658 1549 0
2659 1549 0
2660 1549 0
2661 1551 0
2662 1551 0
2663 1552 0
2664 1552 0
2665 1552 0
2666 1552 0
2667 1553 0
2668 1553 0
2669 1555 0
2670 1555 0
2671 1555 0
2672 1555 0
2673 1556 0
2674 1556 0
2675 1558 0
2676 1559 0
2677 1559 0
2678 1559 0
2679 1559 0
2680 1560 0
2681 1560 0
2682 1562 0
2683 1562 0
2684 1562 0
2685 1562 0
2686 1563 0
2687 1563 0
2688 1565 0
2689 1566 0
2690 1566 0
2691 1567 0
2692 1567 0
2693 1568 0
2694 1568 0
2695 1569 0
2696 1569 0
2697 1571 0
2698 1571 0
2699 1572 0
2700 1572 0
2701 1574 0
2702 1574 0
2703 1576 0
2704 1576 0
2705 1576 0
2706 1576 0
2707 1578 0
2708 1578 0
2709 1579 0
2710 1579 0
2711 1579 0
2712 1579 0
2713 1580 0
2714 1580 0
2715 1582 0
2716 1582 0
2717 1582 0
2718 1582 0
2719 1583 0
2720 1583 0
2721 1583 0
2722 1583 0
2723 1585 0
2724 1585 0
2725 1587 0
2726 1588 0
2727 1588 0
2728 1589 0
2729 1589 0
2730 1591 0
2731 1591 0
2732 1591 0
2733 1591 0
2734 1592 0
2735 1592 0
2736 1594 0
2737 1595 0
2738 1595 0
2739 1595 0
2740 1595 0
2741 1597 0
2742 1597 0
2743 1598 0
2744 1598 0
2745 1598 0
2746 1598 0
2747 1599 0
2748 1599 0
2749 1601 0
2750 1601 0
2751 1601 0
2752 1601 0
2753 1602 0
2754 1602 0
2755 1604 0
2756 1604 0
2757 1604 0
2758 1604 0
2759 1605 0
2760 1605 0
2761 1607 0
2762 1608 0
2763 1608 0
2764 1609 0
2765 1609 0
2766 1611 0
2767 1611 0
2768 1612 0
2769 1612 0
2770 1613 0
2771 1613 0
2772 1614 0
2773 1614 0
2774 1616 0
2775 1616 0
2776 1616 0
2777 1616 0
2778 1617 0
2779 1617 0
2780 1619 0
2781 1620 0
2782 1620 0
2783 1621 0
2784 1621 0
2785 1623 0
2786 1623 0
2787 1624 0
2788 1624 0
2789 1625 0
2790 1625 0
2791 1626 0
2792 1626 0
2793 1628 0
2794 1628 0
2795 1630 0
2796 1630 0
2797 1630 0
2798 1630 0
2799 1631 0
2800 1631 0
2801 1631 0
2802 1631 0
2803 1633 0
2804 1633 0
2805 1635 0
2806 1636 0
2807 1636 0
2808 1637 0
2809 1637 0
2810 1637 0
2811 1637 0
2812 1638 0
2813 1638 0
2814 1640 0
2815 1640 0
2816 1640 0
2817 1640 0
2818 1642 0
2819 1642 0
2820 1644 0
2821 1644 0
2822 1645 0
2823 1645 0
2824 1647 0
2825 1647 0
2826 1648 0
2827 1648 0
2828 1649 0
2829 1649 0
2830 1650 0
2831 1650 0
2832 1652 0
2833 1653 0
2834 1653 0
2835 1655 0
2836 1656 0
2837 1656 0
2838 1657 0
2839 1657 0
2840 1657 0
2841 1657 0
2842 1659 0
2843 1660 0
2844 1660 0
2845 1661 0
2846 1661 0
2847 1661 0
2848 1661 0
2849 1663 0
2850 1663 0
2851 1664 0
2852 1664 0
2853 1664 0
2854 1664 0
2855 1665 0
2856 1665 0
2857 1667 0
2858 1667 0
2859 1667 0
2860 1667 0
2861 1669 0
2862 1669 0
2863 1671 0
2864 1671 0
2865 1672 0
2866 1672 0
2867 1674 0
2868 1674 0
2869 1675 0
2870 1675 0
2871 1676 0
2872 1676 0
2873 1677 0
2874 1677 0
2875 1679 0
2876 1679 0
2877 1681 0
2878 1681 0
2879 1681 0
2880 1681 0
2881 1682 0
2882 1682 0
2883 1684 0
2884 1684 0
2885 1684 0
2886 1684 0
2887 1685 0
2888 1685 0
2889 1685 0
2890 1685 0
2891 1687 0
2892 1687 0
2893 1688 0
2894 1688 0
2895 1688 0
2896 1688 0
2897 1690 0
2898 1690 0
2899 1692 0
2900 1692 0
2901 1694 0
2902 1694 0
2903 1694 0
2904 1694 0
2905 1695 0
2906 1695 0
2907 1697 0
2908 1697 0
2909 1697 0
2910 1697 0
2911 1699 0
2912 1699 0
2913 1701 0
2914 1701 0
2915 1702 0
2916 1702 0
2917 1704 0
2918 1704 0
2919 1705 0
2920 1705 0
2921 1706 0
2922 1706 0
2923 1707 0
2924 1707 0
2925 1709 0
2926 1709 0
2927 1709 0
2928 1709 0
2929 1711 0
2930 1711 0
2931 1713 0
2932 1713 0
2933 1714 0
2934 1714 0
2935 1716 0
2936 1716 0
2937 1717 0
2938 1717 0
2939 1718 0
2940 1718 0
2941 1718 0
2942 1718 0
2943 1719 0
2944 1719 0
2945 1721 0
2946 1722 0
2947 1722 0
2948 1723 0
2949 1723 0
2950 1724 0
2951 1724 0
2952 1725 0
2953 1725 0
2954 1727 0
2955 1727 0
2956 1727 0
2957 1727 0
2958 1729 0
2959 1729 0
2960 1731 0
2961 1731 0
2962 1732 0
2963 1732 0
2964 1734 0
2965 1734 0
2966 1735 0
2967 1735 0
2968 1736 0
2969 1736 0
2970 1737 0
2971 1737 0
2972 1739 0
2973 1740 0
2974 1740 0
2975 1741 0
2976 1741 0
2977 1743 0
2978 1743 0
2979 1745 0
2980 1746 0
2981 1746 0
2982 1747 0
2983 1747 0
2984 1747 0
2985 1747 0
2986 1749 0
2987 1749 0
2988 1750 0
2989 1750 0
2990 1751 0
2991 1751 0
2992 1753 0
2993 1754 0
2994 1754 0
2995 1755 0
2996 1755 0
2997 1757 0
2998 1757 0
2999 1759 0
3000 1759 0
3001 1759 0
3002 1759 0
3003 1761 0
3004 1761 0
3005 1762 0
3006 1762 0
3007 1762 0
3008 1762 0
3009 1764 0
3010 1764 0
3011 1765 0
3012 1765 0
3013 1765 0
3014 1765 0
3015 1766 0
3016 1766 0
3017 1766 0
3018 1766 0
3019 1768 0
3020 1768 0
3021 1770 0
3022 1771 0
3023 1771 0
3024 1772 0
3025 1772 0
3026 1772 0
3027 1772 0
3028 1773 0
3029 1773 0
3030 1775 0
3031 1775 0
3032 1775 0
3033 1775 0
3034 1776 0
3035 1776 0
3036 1778 0
3037 1778 0
3038 1778 0
3039 1778 0
3040 1779 0
3041 1779 0
3042 1781 0
3043 1782 0
3044 1782 0
3045 1783 0
3046 1783 0
3047 1785 0
3048 1785 0
3049 1786 0
3050 1786 0
3051 1787 0
3052 1787 0
3053 1788 0
3054 1788 0
3055 1790 0
3056 1790 0
3057 1790 0
3058 1790 0
3059 1792 0
3060 1792 0
3061 1794 0
3062 1794 0
3063 1795 0
3064 1795 0
3065 1796 0
3066 1796 0
3067 1797 0
3068 1797 0
3069 1799 0
3070 1799 0
3071 1799 0
3072 1799 0
3073 1800 0
3074 1800 0
3075 1802 0
3076 1803 0
3077 1803 0
3078 1804 0
3079 1804 0
3080 1806 0
3081 1806 0
3082 1807 0
3083 1807 0
3084 1808 0
3085 1808 0
3086 1809 0
3087 1809 0
3088 1811 0
3089 1812 0
3090 1812 0
3091 1814 0
3092 1815 0
3093 1815 0
3094 1816 0
3095 1816 0
3096 1816 0
3097 1816 0
3098 1817 0
3099 1817 0
3100 1819 0
3101 1820 0
3102 1820 0
3103 1822 0
3104 1822 0
3105 1822 0
3106 1822 0
3107 1824 0
3108 1824 0
3109 1825 0
3110 1825 0
3111 1825 0
3112 1825 0
3113 1827 0
3114 1827 0
3115 1828 0
3116 1828 0
3117 1828 0
3118 1828 0
3119 1829 0
3120 1829 0
3121 1829 0
3122 1829 0
3123 1831 0
3124 1831 0
3125 1832 0
3126 1832 0
3127 1832 0
3128 1832 0
3129 1834 0
3130 1834 0
3131 1835 0
3132 1835 0
3133 1835 0
3134 1835 0
3135 1836 0
3136 1836 0
3137 1838 0
3138 1839 0
3139 1839 0
3140 1841 0
3141 1841 0
3142 1841 0
3143 1841 0
3144 1843 0
3145 1843 0
3146 1845 0
3147 1845 0
3148 1846 0
3149 1846 0
3150 1848 0
3151 1848 0
3152 1849 0
3153 1849 0
3154 1850 0
3155 1850 0
3156 1851 0
3157 1851 0
3158 1853 0
3159 1853 0
3160 1853 0
3161 1853 0
3162 1855 0
3163 1855 0
3164 1857 0
3165 1857 0
3166 1858 0
3167 1858 0
3168 1860 0
3169 1860 0
3170 1861 0
3171 1861 0
3172 1862 0
3173 1862 0
3174 1863 0
3175 1863 0
3176 1865 0
3177 1865 0
3178 1865 0
3179 1865 0
3180 1867 0
3181 1867 0
3182 1869 0
3183 1869 0
3184 1870 0
3185 1870 0
3186 1871 0
3187 1871 0
3188 1871 0
3189 1871 0
3190 1872 0
3191 1872 0
3192 1874 0
3193 1875 0
3194 1875 0
3195 1876 0
3196 1876 0
3197 1877 0
3198 1877 0
3199 1878 0
3200 1878 0
3201 1880 0
3202 1881 0
3203 1881 0
3204 1882 0
3205 1882 0
3206 1884 0
3207 1884 0
3208 1886 0
3209 1886 0
3210 1887 0
3211 1887 0
3212 1889 0
3213 1890 0
3214 1890 0
3215 1891 0
3216 1891 0
3217 1891 0
3218 1891 0
3219 1892 0
3220 1892 0
3221 1894 0
3222 1894 0
3223 1894 0
3224 1894 0
3225 1895 0
3226 1895 0
3227 1897 0
3228 1897 0
3229 1897 0
3230 1897 0
3231 1899 0
3232 1900 0
3233 1900 0
3234 1901 0
3235 1901 0
3236 1901 0
3237 1901 0
3238 1903 0
3239 1903 0
3240 1904 0
3241 1904 0
3242 1904 0
3243 1904 0
3244 1905 0
3245 1905 0
3246 1907 0
3247 1907 0
3248 1907 0
3249 1907 0
3250 1908 0
3251 1908 0
3252 1910 0
3253 1910 0
3254 1910 0
3255 1910 0
3256 1911 0
3257 1911 0
3258 1913 0
3259 1914 0
3260 1914 0
3261 1915 0
3262 1915 0
3263 1917 0
3264 1917 0
3265 1918 0
3266 1918 0
3267 1919 0
3268 1919 0
3269 1920 0
3270 1920 0
3271 1922 0
3272 1922 0
3273 1922 0
3274 1922 0
3275 1924 0
3276 1924 0
3277 1926 0
3278 1926 0
3279 1927 0
3280 1927 0
3281 1928 0
3282 1928 0
3283 1929 0
3284 1929 0
3285 1931 0
3286 1931 0
3287 1931 0
3288 1931 0
3289 1932 0
3290 1932 0
3291 1934 0
3292 1935 0
3293 1935 0
3294 1937 0
3295 1938 0
3296 1938 0
3297 1939 0
3298 1939 0
3299 1939 0
3300 1939 0
3301 1941 0
3302 1941 0
3303 1942 0
3304 1942 0
3305 1943 0
3306 1943 0
3307 1944 0
3308 1944 0
3309 1946 0
3310 1946 0
3311 1948 0
3312 1949 0
3313 1949 0
3314 1951 0
3315 1951 0
3316 1951 0
3317 1951 0
3318 1952 0
3319 1952 0
3320 1954 0
3321 1954 0
3322 1954 0
3323 1954 0
3324 1955 0
3325 1955 0
3326 1957 0
3327 1957 0
3328 1957 0
3329 1957 0
3330 1958 0
3331 1958 0
3332 1958 0
3333 1958 0
3334 1960 0
3335 1960 0
3336 1961 0
3337 1961 0
3338 1961 0
3339 1961 0
3340 1963 0
3341 1963 0
3342 1965 0
3343 1965 0
3344 1967 0
3345 1967 0
3346 1967 0
3347 1967 0
3348 1968 0
3349 1968 0
3350 1970 0
3351 1970 0
3352 1970 0
3353 1970 0
3354 1972 0
3355 1972 0
3356 1974 0
3357 1974 0
3358 1975 0
3359 1975 0
3360 1977 0
3361 1977 0
3362 1978 0
3363 1978 0
3364 1979 0
3365 1979 0
3366 1980 0
3367 1980 0
3368 1982 0
3369 1982 0
3370 1982 0
3371 1982 0
3372 1984 0
3373 1984 0
3374 1985 0
3375 1985 0
3376 1985 0
3377 1985 0
3378 1986 0
3379 1986 0
3380 1988 0
3381 1989 0
3382 1989 0
3383 1990 0
3384 1990 0
3385 1991 0
3386 1991 0
3387 1992 0
3388 1992 0
3389 1994 0
3390 1994 0
3391 1994 0
3392 1994 0
3393 1996 0
3394 1996 0
3395 1998 0
3396 1998 0
3397 1999 0
3398 1999 0
3399 2001 0
3400 2001 0
3401 2002 0
3402 2002 0
3403 2003 0
3404 2003 0
3405 2004 0
3406 2004 0
3407 2006 0
3408 2007 0
3409 2007 0
3410 2008 0
3411 2008 0
3412 2009 0
3413 2009 0
3414 2011 0
3415 2012 0
3416 2012 0
3417 2013 0
3418 2013 0
3419 2015 0
3420 2015 0
3421 2017 0
3422 2017 0
3423 2017 0
3424 2017 0
3425 2018 0
3426 2018 0
3427 2018 0
3428 2018 0
3429 2020 0
3430 2020 0
3431 2021 0
3432 2021 0
3433 2021 0
3434 2021 0
3435 2022 0
3436 2022 0
3437 2024 0
3438 2025 0
3439 2025 0
3440 2026 0
3441 2026 0
3442 2028 0
3443 2028 0
3444 2029 0
3445 2029 0
3446 2030 0
3447 2030 0
3448 2031 0
3449 2031 0
3450 2033 0
3451 2034 0
3452 2034 0
3453 2035 0
3454 2035 0
3455 2037 0
3456 2037 0
3457 2039 0
3458 2039 0
3459 2040 0
3460 2040 0
3461 2042 0
3462 2043 0
3463 2043 0
3464 2044 0
3465 2044 0
3466 2044 0
3467 2044 0
3468 2046 0
3469 2046 0
3470 2047 0
3471 2047 0
3472 2048 0
3473 2048 0
3474 2049 0
3475 2049 0
3476 2051 0
3477 2051 0
3478 2053 0
3479 2054 0
3480 2054 0
3481 2056 0
3482 2056 0
3483 2056 0
3484 2056 0
3485 2058 0
3486 2058 0
3487 2059 0
3488 2059 0
3489 2060 0
3490 2060 0
3491 2061 0
3492 2061 0
3493 2063 0
3494 2063 0
3495 2064 0
3496 2064 0
3497 2066 0
3498 2066 0
3499 2068 0
3500 2068 0
3501 2068 0
3502 2068 0
3503 2070 0
3504 2070 0
3505 2071 0
3506 2071 0
3507 2071 0
3508 2071 0
3509 2072 0
3510 2072 0
3511 2074 0
3512 2074 0
3513 2074 0
3514 2074 0
3515 2075 0
3516 2075 0
3517 2077 0
3518 2077 0
3519 2077 0
3520 2077 0
3521 2078 0
3522 2078 0
3523 2078 0
3524 2078 0
3525 2079 0
3526 2079 0
3527 2081 0
3528 2081 0
3529 2081 0
3530 2081 0
3531 2082 0
3532 2082 0
3533 2084 0
3534 2084 0
3535 2084 0
3536 2084 0
3537 2086 0
3538 2086 0
3539 2087 0
3540 2087 0
3541 2087 0
3542 2087 0
3543 2088 0
3544 2088 0
3545 2090 0
3546 2091 0
3547 2091 0
3548 2092 0
3549 2092 0
3550 2094 0
3551 2094 0
3552 2095 0
3553 2095 0
3554 2096 0
3555 2096 0
3556 2097 0
3557 2097 0
3558 2099 0
3559 2100 0
3560 2100 0
3561 2101 0
3562 2101 0
3563 2102 0
3564 2102 0
3565 2104 0
3566 2105 0
3567 2105 0
3568 2106 0
3569 2106 0
3570 2108 0
3571 2108 0
3572 2110 0
3573 2110 0
3574 2110 0
3575 2110 0
3576 2112 0
3577 2112 0
3578 2113 0
3579 2113 0
3580 2114 0
3581 2114 0
3582 2115 0
3583 2115 0
3584 2117 0
3585 2118 0
3586 2118 0
3587 2120 0
3588 2121 0
3589 2121 0
3590 2122 0
3591 2122 0
3592 2122 0
3593 2122 0
3594 2124 0
3595 2124 0
3596 2125 0
3597 2125 0
3598 2126 0
3599 2126 0
3600 2127 0
3601 2127 0
3602 2129 0
3603 2129 0
3604 2130 0
3605 2130 0
3606 2132 0
3607 2133 0
3608 2133 0
3609 2134 0
3610 2134 0
3611 2134 0
3612 2134 0
3613 2136 0
3614 2136 0
3615 2137 0
3616 2137 0
3617 2137 0
3618 2137 0
3619 2139 0
3620 2139 0
3621 2140 0
3622 2140 0
3623 2140 0
3624 2140 0
3625 2141 0
3626 2141 0
3627 2143 0
3628 2143 0
3629 2143 0
3630 2143 0
3631 2144 0
3632 2144 0
3633 2144 0
3634 2144 0
3635 2145 0
3636 2145 0
3637 2147 0
3638 2147 0
3639 2147 0
3640 2147 0
3641 2148 0
3642 2148 0
3643 2150 0
3644 2150 0
3645 2150 0
3646 2152 0
3647 2152 0
3648 2152 0
3649 2154 0
3650 2155 0
3651 2155 0
3652 2155 0
3653 2157 0
3654 2157 0
3655 2157 0
3656 2159 0
3657 2159 0
3658 2159 0
3659 2161 0
3660 2161 0
3661 2161 0
3662 2163 0
3663 2163 0
3664 2163 0
3665 2164 0
3666 2164 0
3667 2164 0
3668 2165 0
3669 2165 0
3670 2165 0
3671 2166 0
3672 2166 0
3673 2166 0
3674 2168 0
3675 2169 0
3676 2169 0
3677 2169 0
3678 2171 0
3679 2171 0
3680 2171 0
3681 2173 0
3682 2173 0
3683 2173 0
3684 2175 0
3685 2175 0
3686 2175 0
3687 2177 0
3688 2177 0
3689 2177 0
3690 2178 0
3691 2178 0
3692 2178 0
3693 2179 0
3694 2179 0
3695 2179 0
3696 2180 0
3697 2180 0
3698 2180 0
3699 2182 0
3700 2183 0
3701 2183 0
3702 2183 0
3703 2185 0
3704 2185 0
3705 2185 0
3706 2186 0
3707 2186 0
3708 2186 0
3709 2188 0
3710 2188 0
3711 2188 0
3712 2190 0
3713 2190 0
3714 2190 0
3715 2191 0
3716 2191 0
3717 2191 0
3718 2192 0
3719 2192 0
3720 2192 0
3721 2194 0
3722 2194 0
3723 2194 0
3724 2196 0
3725 2196 0
3726 2196 0
3727 2198 0
3728 2199 0
3729 2199 0
3730 2199 0
3731 2201 0
3732 2201 0
3733 2201 0
3734 2203 0
3735 2203 0
3736 2203 0
3737 2205 0
3738 2205 0
3739 2205 0
3740 2207 0
3741 2207 0
3742 2207 0
3743 2208 0
3744 2208 0
3745 2208 0
3746 2209 0
3747 2209 0
3748 2209 0
3749 2211 0
3750 2211 0
3751 2211 0
3752 2213 0
3753 2213 0
3754 2213 0
3755 2215 0
3756 2215 0
3757 2215 0
3758 2216 0
3759 2216 0
3760 2216 0
3761 2218 0
3762 2219 0
3763 2219 0
3764 2219 0
3765 2220 0
3766 2220 0
3767 2220 0
3768 2221 0
3769 2221 0
3770 2221 0
3771 2223 0
3772 2223 0
3773 2223 0
3774 2224 0
3775 2224 0
3776 2224 0
3777 2226 0
3778 2226 0
3779 2226 0
3780 2228 0
3781 2228 0
3782 2228 0
3783 2229 0
3784 2229 0
3785 2229 0
3786 2230 0
3787 2230 0
3788 2230 0
3789 2232 0
3790 2232 0
3791 2232 0
3792 2234 0
3793 2234 0
3794 2234 0
3795 2235 0
3796 2235 0
3797 2235 0
3798 2236 0
3799 2236 0
3800 2236 0
3801 2238 0
3802 2238 0
3803 2238 0
3804 2240 0
3805 2241 0
3806 2242 0
3807 2242 0
3808 2242 0
3809 2244 0
3810 2244 0
3811 2244 0
3812 2246 0
3813 2247 0
3814 2247 0
3815 2247 0
3816 2249 0
3817 2249 0
3818 2249 0
3819 2251 0
3820 2251 0
3821 2251 0
3822 2252 0
3823 2252 0
3824 2252 0
3825 2253 0
3826 2253 0
3827 2253 0
3828 2255 0
3829 2255 0
3830 2255 0
3831 2257 0
3832 2257 0
3833 2257 0
3834 2259 0
3835 2259 0
3836 2259 0
3837 2260 0
3838 2260 0
3839 2260 0
3840 2261 0
3841 2261 0
3842 2261 0
3843 2262 0
3844 2262 0
3845 2262 0
3846 2264 0
3847 2265 0
3848 2266 0
3849 2266 0
3850 2266 0
3851 2267 0
3852 2267 0
3853 2267 0
3854 2268 0
3855 2268 0
3856 2268 0
3857 2270 0
3858 2270 0
3859 2270 0
3860 2272 0
3861 2272 0
3862 2272 0
3863 2273 0
3864 2273 0
3865 2273 0
3866 2274 0
3867 2274 0
3868 2274 0
3869 2276 0
3870 2277 0
3871 2277 0
3872 2277 0
3873 2278 0
3874 2278 0
3875 2278 0
3876 2279 0
3877 2279 0
3878 2279 0
3879 2280 0
3880 2280 0
3881 2280 0
3882 2282 0
3883 2282 0
3884 2282 0
3885 2284 0
3886 2284 0
3887 2284 0
3888 2286 0
3889 2286 0
3890 2286 0
3891 2288 0
3892 2289 0
3893 2290 0
3894 2291 0
3895 2291 0
3896 2291 0
3897 2293 0
3898 2293 0
3899 2293 0
3900 2295 0
3901 2295 0
3902 2295 0
3903 2297 0
3904 2297 0
3905 2297 0
3906 2298 0
3907 2298 0
3908 2298 0
3909 2299 0
3910 2299 0
3911 2299 0
3912 2300 0
3913 2300 0
3914 2300 0
3915 2302 0
3916 2303 0
3917 2303 0
3918 2303 0
3919 2304 0
3920 2304 0
3921 2304 0
3922 2305 0
3923 2305 0
3924 2305 0
3925 2306 0
3926 2306 0
3927 2306 0
3928 2308 0
3929 2308 0
3930 2308 0
3931 2310 0
3932 2310 0
3933 2310 0
3934 2312 0
3935 2312 0
3936 2312 0
3937 2313 0
3938 2313 0
3939 2313 0
3940 2314 0
3941 2314 0
3942 2314 0
3943 2316 0
3944 2316 0
3945 2316 0
3946 2318 0
3947 2318 0
3948 2318 0
3949 2319 0
3950 2319 0
3951 2319 0
3952 2320 0
3953 2320 0
3954 2320 0
3955 2322 0
3956 2323 0
3957 2324 0
3958 2324 0
3959 2324 0
3960 2326 0
3961 2326 0
3962 2326 0
3963 2328 0
3964 2328 0
3965 2328 0
3966 2330 0
3967 2331 0
3968 2331 0
3969 2331 0
3970 2333 0
3971 2333 0
3972 2333 0
3973 2335 0
3974 2335 0
3975 2335 0
3976 2336 0
3977 2336 0
3978 2336 0
3979 2337 0
3980 2337 0
3981 2337 0
3982 2338 0
3983 2338 0
3984 2338 0
3985 2340 0
3986 2340 0
3987 2340 0
3988 2342 0
3989 2342 0
3990 2342 0
3991 2344 0
3992 2344 0
3993 2344 0
3994 2345 0
3995 2345 0
3996 2345 0
3997 2346 0
3998 2346 0
3999 2346 0
4000 2348 0
4001 2349 0
4002 2349 0
4003 2349 0
4004 2350 0
4005 2350 0
4006 2350 0
4007 2351 0
4008 2351 0
4009 2351 0
4010 2352 0
4011 2352 0
4012 2352 0
4013 2354 0
4014 2355 0
4015 2355 0
4016 2355 0
4017 2356 0
4018 2356 0
4019 2356 0
4020 2357 0
4021 2357 0
4022 2357 0
4023 2358 0
4024 2358 0
4025 2358 0
4026 2360 0
4027 2360 0
4028 2360 0
4029 2362 0
4030 2362 0
4031 2362 0
4032 2364 0
4033 2365 0
4034 2366 0
4035 2366 0
4036 2366 0
4037 2368 0
4038 2369 0
4039 2369 0
4040 2369 0
4041 2371 0
4042 2371 0
4043 2371 0
4044 2373 0
4045 2373 0
4046 2373 0
4047 2374 0
4048 2374 0
4049 2374 0
4050 2375 0
4051 2375 0
4052 2375 0
4053 2377 0
4054 2377 0
4055 2377 0
4056 2379 0
4057 2379 0
4058 2379 0
4059 2380 0
4060 2380 0
4061 2380 0
4062 2381 0
4063 2381 0
4064 2381 0
4065 2382 0
4066 2382 0
4067 2382 0
4068 2384 0
4069 2385 0
4070 2385 0
4071 2385 0
4072 2386 0
4073 2386 0
4074 2386 0
4075 2387 0
4076 2387 0
4077 2387 0
4078 2388 0
4079 2388 0
4080 2388 0
4081 2390 0
4082 2390 0
4083 2390 0
4084 2392 0
4085 2392 0
4086 2392 0
4087 2393 0
4088 2393 0
4089 2393 0
4090 2394 0
4091 2394 0
4092 2394 0
4093 2396 0
4094 2397 0
4095 2397 0
4096 2397 0
4097 2398 0
4098 2398 0
4099 2398 0
4100 2399 0
4101 2399 0
4102 2399 0
4103 2400 0
4104 2400 0
4105 2400 0
4106 2402 0
4107 2402 0
4108 2402 0
4109 2404 0
4110 2405 0
4111 2405 0
4112 2405 0
4113 2406 0
4114 2406 0
4115 2406 0
4116 2407 0
4117 2407 0
4118 2407 0
4119 2408 0
4120 2408 0
4121 2408 0
4122 2410 0
4123 2410 0
4124 2410 0
4125 2412 0
4126 2412 0
4127 2412 0
4128 2414 0
4129 2415 0
4130 2416 0
4131 2416 0
4132 2416 0
4133 2418 0
4134 2419 0
4135 2419 0
4136 2419 0
4137 2421 0
4138 2421 0
4139 2421 0
4140 2422 0
4141 2422 0
4142 2422 0
4143 2424 0
4144 2424 0
4145 2424 0
4146 2425 0
4147 2425 0
4148 2425 0
4149 2426 0
4150 2426 0
4151 2426 0
4152 2428 0
4153 2429 0
4154 2430 0
4155 2430 0
4156 2430 0
4157 2432 0
4158 2432 0
4159 2432 0
4160 2434 0
4161 2434 0
4162 2434 0
4163 2436 0
4164 2437 0
4165 2437 0
4166 2437 0
4167 2439 0
4168 2440 0
4169 2441 0
4170 2441 0
4171 2441 0
4172 2442 0
4173 2442 0
4174 2442 0
4175 2443 0
4176 2443 0
4177 2443 0
4178 2444 0
4179 2444 0
4180 2444 0
4181 2446 0
4182 2446 0
4183 2446 0
4184 2448 0
4185 2449 0
4186 2450 0
4187 2451 0
4188 2452 0
4189 2452 0
4190 2452 0
4191 2454 0
4192 2455 0
4193 2455 0
4194 2455 0
4195 2456 0
4196 2456 0
4197 2456 0
4198 2457 0
4199 2457 0
4200 2457 0
4201 2458 0
4202 2458 0
4203 2458 0
4204 2460 0
4205 2460 0
4206 2460 0
4207 2462 0
4208 2462 0
4209 2462 0
4210 2464 0
4211 2465 0
4212 2465 0
4213 2465 0
4214 2467 0
4215 2467 0
4216 2467 0
4217 2468 0
4218 2468 0
4219 2468 0
4220 2470 0
4221 2470 0
4222 2470 0
4223 2472 0
4224 2473 0
4225 2473 0
4226 2473 0
4227 2475 0
4228 2475 0
4229 2475 0
4230 2477 0
4231 2478 0
4232 2479 0
4233 2479 0
4234 2479 0
4235 2480 0
4236 2480 0
4237 2480 0
4238 2481 0
4239 2481 0
4240 2481 0
4241 2482 0
4242 2482 0
4243 2482 0
4244 2484 0
4245 2484 0
4246 2484 0
4247 2486 0
4248 2487 0
4249 2488 0
4250 2489 0
4251 2489 0
4252 2489 0
4253 2491 0
4254 2491 0
4255 2491 0
4256 2492 0
4257 2492 0
4258 2492 0
4259 2493 0
4260 2493 0
4261 2493 0
4262 2494 0
4263 2494 0
4264 2494 0
4265 2496 0
4266 2496 0
4267 2496 0
4268 2498 0
4269 2498 0
4270 2498 0
4271 2500 0
4272 2501 0
4273 2501 0
4274 2501 0
4275 2503 0
4276 2503 0
4277 2503 0
4278 2505 0
4279 2505 0
4280 2505 0
4281 2507 0
4282 2507 0
4283 2507 0
4284 2509 0
4285 2509 0
4286 2509 0
4287 2510 0
4288 2510 0
4289 2510 0
4290 2511 0
4291 2511 0
4292 2511 0
4293 2512 0
4294 2512 0
4295 2512 0
4296 2514 0
4297 2515 0
4298 2515 0
4299 2515 0
4300 2516 0
4301 2516 0
4302 2516 0
4303 2517 0
4304 2517 0
4305 2517 0
4306 2518 0
4307 2518 0
4308 2518 0
4309 2520 0
4310 2521 0
4311 2521 0
4312 2521 0
4313 2522 0
4314 2522 0
4315 2522 0
4316 2524 0
4317 2525 0
4318 2525 0
4319 2525 0
4320 2527 0
4321 2527 0
4322 2527 0
4323 2529 0
4324 2529 0
4325 2529 0
4326 2530 0
4327 2530 0
4328 2530 0
4329 2531 0
4330 2531 0
4331 2531 0
4332 2532 0
4333 2532 0
4334 2532 0
4335 2534 0
4336 2534 0
4337 2534 0
4338 2536 0
4339 2537 0
4340 2537 0
4341 2537 0
4342 2538 0
4343 2538 0
4344 2538 0
4345 2540 0
4346 2540 0
4347 2540 0
4348 2542 0
4349 2542 0
4350 2542 0
4351 2544 0
4352 2545 0
4353 2545 0
4354 2545 0
4355 2547 0
4356 2547 0
4357 2547 0
4358 2549 0
4359 2549 0
4360 2549 0
4361 2551 0
4362 2551 0
4363 2551 0
4364 2553 0
4365 2553 0
4366 2553 0
4367 2554 0
4368 2554 0
4369 2554 0
4370 2555 0
4371 2555 0
4372 2555 0
4373 2557 0
4374 2557 0
4375 2557 0
4376 2559 0
4377 2559 0
4378 2559 0
4379 2560 0
4380 2560 0
4381 2560 0
4382 2561 0
4383 2561 0
4384 2561 0
4385 2563 0
4386 2563 0
4387 2563 0
4388 2565 0
4389 2565 0
4390 2565 0
4391 2566 0
4392 2566 0
4393 2566 0
4394 2568 0
4395 2568 0
4396 2568 0
4397 2570 0
4398 2571 0
4399 2571 0
4400 2571 0
4401 2572 0
4402 2572 0
4403 2572 0
4404 2573 0
4405 2573 0
4406 2573 0
4407 2574 0
4408 2574 0
4409 2574 0
4410 2576 0
4411 2576 0
4412 2576 0
4413 2578 0
4414 2579 0
4415 2579 0
4416 2579 0
4417 2580 0
4418 2580 0
4419 2580 0
4420 2581 0
4421 2581 0
4422 2581 0
4423 2583 0
4424 2583 0
4425 2583 0
4426 2585 0
4427 2585 0
4428 2585 0
4429 2586 0
4430 2586 0
4431 2586 0
4432 2588 0
4433 2588 0
4434 2588 0
4435 2589 0
4436 2589 0
4437 2589 0
4438 2590 0
4439 2590 0
4440 2590 0
4441 2592 0
4442 2593 0
4443 2593 0
4444 2593 0
4445 2594 0
4446 2594 0
4447 2594 0
4448 2595 0
4449 2595 0
4450 2595 0
4451 2596 0
4452 2596 0
4453 2596 0
4454 2598 0
4455 2599 0
4456 2600 0
4457 2600 0
4458 2600 0
4459 2601 0
4460 2601 0
4461 2601 0
4462 2602 0
4463 2602 0
4464 2602 0
4465 2604 0
4466 2604 0
4467 2604 0
4468 2606 0
4469 2606 0
4470 2606 0
4471 2607 0
4472 2607 0
4473 2607 0
4474 2608 0
4475 2608 0
4476 2608 0
4477 2610 0
4478 2610 0
4479 2610 0
4480 2612 0
4481 2613 0
4482 2614 0
4483 2614 0
4484 2614 0
4485 2616 0
4486 2616 0
4487 2616 0
4488 2618 0
4489 2619 0
4490 2619 0
4491 2619 0
4492 2621 0
4493 2621 0
4494 2621 0
4495 2623 0
4496 2623 0
4497 2623 0
4498 2624 0
4499 2624 0
4500 2624 0
4501 2625 0
4502 2625 0
4503 2625 0
4504 2626 0
4505 2626 0
4506 2626 0
4507 2628 0
4508 2628 0
4509 2628 0
4510 2630 0
4511 2630 0
4512 2630 0
4513 2632 0
4514 2632 0
4515 2632 0
4516 2634 0
4517 2635 0
4518 2636 0
4519 2637 0
4520 2637 0
4521 2637 0
4522 2639 0
4523 2639 0
4524 2639 0
4525 2641 0
4526 2641 0
4527 2641 0
4528 2642 0
4529 2642 0
4530 2642 0
4531 2643 0
4532 2643 0
4533 2643 0
4534 2644 0
4535 2644 0
4536 2644 0
4537 2646 0
4538 2647 0
4539 2647 0
4540 2647 0
4541 2648 0
4542 2648 0
4543 2648 0
4544 2649 0
4545 2649 0
4546 2649 0
4547 2650 0
4548 2650 0
4549 2650 0
4550 2652 0
4551 2652 0
4552 2652 0
4553 2654 0
4554 2654 0
4555 2654 0
4556 2656 0
4557 2656 0
4558 2656 0
4559 2657 0
4560 2657 0
4561 2657 0
4562 2658 0
4563 2658 0
4564 2658 0
4565 2660 0
4566 2660 0
4567 2660 0
4568 2662 0
4569 2662 0
4570 2662 0
4571 2663 0
4572 2663 0
4573 2663 0
4574 2664 0
4575 2664 0
4576 2664 0
4577 2666 0
4578 2667 0
4579 2668 0
4580 2668 0
4581 2668 0
4582 2670 0
4583 2670 0
4584 2670 0
4585 2672 0
4586 2672 0
4587 2672 0
4588 2674 0
4589 2675 0
4590 2675 0
4591 2675 0
4592 2677 0
4593 2677 0
4594 2677 0
4595 2679 0
4596 2679 0
4597 2679 0
4598 2681 0
4599 2681 0
4600 2681 0
4601 2682 0
4602 2682 0
4603 2682 0
4604 2683 0
4605 2683 0
4606 2683 0
4607 2684 0
4608 2684 0
4609 2684 0
4610 2686 0
4611 2686 0
4612 2686 0
4613 2688 0
4614 2688 0
4615 2688 0
4616 2690 0
4617 2690 0
4618 2690 0
4619 2691 0
4620 2691 0
4621 2691 0
4622 2692 0
4623 2692 0
4624 2692 0
4625 2694 0
4626 2695 0
4627 2695 0
4628 2695 0
4629 2696 0
4630 2696 0
4631 2696 0
4632 2697 0
4633 2697 0
4634 2697 0
4635 2698 0
4636 2698 0
4637 2698 0
4638 2700 0
4639 2701 0
4640 2701 0
4641 2701 0
4642 2702 0
4643 2702 0
4644 2702 0
4645 2703 0
4646 2703 0
4647 2703 0
4648 2704 0
4649 2704 0
4650 2704 0
4651 2706 0
4652 2706 0
4653 2706 0
4654 2708 0
4655 2708 0
4656 2708 0
4657 2710 0
4658 2711 0
4659 2712 0
4660 2712 0
4661 2712 0
4662 2714 0
4663 2715 0
4664 2715 0
4665 2715 0
4666 2717 0
4667 2717 0
4668 2717 0
4669 2719 0
4670 2719 0
4671 2719 0
4672 2720 0
4673 2720 0
4674 2720 0
4675 2721 0
4676 2721 0
4677 2721 0
4678 2723 0
4679 2723 0
4680 2723 0
4681 2725 0
4682 2725 0
4683 2725 0
4684 2726 0
4685 2726 0
4686 2726 0
4687 2727 0
4688 2727 0
4689 2727 0
4690 2728 0
4691 2728 0
4692 2728 0
4693 2730 0
4694 2731 0
4695 2731 0
4696 2731 0
4697 2732 0
4698 2732 0
4699 2732 0
4700 2733 0
4701 2733 0
4702 2733 0
4703 2734 0
4704 2734 0
4705 2734 0
4706 2736 0
4707 2736 0
4708 2736 0
4709 2738 0
4710 2738 0
4711 2738 0
4712 2739 0
4713 2739 0
4714 2739 0
4715 2740 0
4716 2740 0
4717 2740 0
4718 2742 0
4719 2742 0
4720 2742 0
4721 2744 0
4722 2744 0
4723 2744 0
4724 2746 0
4725 2746 0
4726 2746 0
4727 2747 0
4728 2747 0
4729 2747 0
4730 2748 0
4731 2748 0
4732 2748 0
4733 2750 0
4734 2750 0
4735 2750 0
4736 2752 0
4737 2752 0
4738 2752 0
4739 2753 0
4740 2753 0
4741 2753 0
4742 2754 0
4743 2754 0
4744 2754 0
4745 2756 0
4746 2757 0
4747 2758 0
4748 2758 0
4749 2758 0
4750 2760 0
4751 2760 0
4752 2760 0
4753 2762 0
4754 2762 0
4755 2762 0
4756 2764 0
4757 2765 0
4758 2765 0
4759 2765 0
4760 2767 0
4761 2767 0
4762 2767 0
4763 2768 0
4764 2768 0
4765 2768 0
4766 2770 0
4767 2770 0
4768 2770 0
4769 2771 0
4770 2771 0
4771 2771 0
4772 2772 0
4773 2772 0
4774 2772 0
4775 2774 0
4776 2775 0
4777 2776 0
4778 2776 0
4779 2776 0
4780 2778 0
4781 2778 0
4782 2778 0
4783 2780 0
4784 2781 0
4785 2782 0
4786 2782 0
4787 2782 0
4788 2784 0
4789 2784 0
4790 2784 0
4791 2785 0
4792 2785 0
4793 2785 0
4794 2786 0
4795 2786 0
4796 2786 0
4797 2788 0
4798 2788 0
4799 2788 0
4800 2790 0
4801 2790 0
4802 2790 0
4803 2792 0
4804 2793 0
4805 2793 0
4806 2793 0
4807 2795 0
4808 2795 0
4809 2795 0
4810 2797 0
4811 2797 0
4812 2797 0
4813 2798 0
4814 2798 0
4815 2798 0
4816 2799 0
4817 2799 0
4818 2799 0
4819 2800 0
4820 2800 0
4821 2800 0
4822 2802 0
4823 2802 0
4824 2802 0
4825 2804 0
4826 2804 0
4827 2804 0
4828 2806 0
4829 2807 0
4830 2808 0
4831 2808 0
4832 2808 0
4833 2810 0
4834 2811 0
4835 2812 0
4836 2813 0
4837 2813 0
4838 2813 0
4839 2814 0
4840 2814 0
4841 2814 0
4842 2816 0
4843 2817 0
4844 2818 0
4845 2819 0
4846 2819 0
4847 2819 0
4848 2821 0
4849 2821 0
4850 2821 0
4851 2822 0
4852 2822 0
4853 2822 0
4854 2823 0
4855 2823 0
4856 2823 0
4857 2824 0
4858 2824 0
4859 2824 0
4860 2826 0
4861 2826 0
4862 2826 0
4863 2828 0
4864 2828 0
4865 2828 0
4866 2830 0
4867 2831 0
4868 2831 0
4869 2831 0
4870 2833 0
4871 2834 0
4872 2835 0
4873 2835 0
4874 2835 0
4875 2837 0
4876 2837 0
4877 2837 0
4878 2838 0
4879 2838 0
4880 2838 0
4881 2839 0
4882 2839 0
4883 2839 0
4884 2840 0
4885 2840 0
4886 2840 0
4887 2842 0
4888 2843 0
4889 2843 0
4890 2843 0
4891 2844 0
4892 2844 0
4893 2844 0
4894 2845 0
4895 2845 0
4896 2845 0
4897 2847 0
4898 2847 0
4899 2847 0
4900 2849 0
4901 2849 0
4902 2849 0
4903 2850 0
4904 2850 0
4905 2850 0
4906 2852 0
4907 2852 0
4908 2852 0
4909 2854 0
4910 2855 0
4911 2855 0
4912 2855 0
4913 2856 0
4914 2856 0
4915 2856 0
4916 2857 0
4917 2857 0
4918 2857 0
4919 2858 0
4920 2858 0
4921 2858 0
4922 2860 0
4923 2860 0
4924 2860 0
4925 2862 0
4926 2863 0
4927 2863 0
4928 2863 0
4929 2864 0
4930 2864 0
4931 2864 0
4932 2865 0
4933 2865 0
4934 2865 0
4935 2866 0
4936 2866 0
4937 2866 0
4938 2868 0
4939 2868 0
4940 2868 0
4941 2870 0
4942 2870 0
4943 2870 0
4944 2871 0
4945 2871 0
4946 2871 0
4947 2872 0
4948 2872 0
4949 2872 0
4950 2874 0
4951 2875 0
4952 2875 0
4953 2875 0
4954 2876 0
4955 2876 0
4956 2876 0
4957 2877 0
4958 2877 0
4959 2877 0
4960 2878 0
4961 2878 0
4962 2878 0
4963 2880 0
4964 2880 0
4965 2880 0
4966 2882 0
4967 2882 0
4968 2882 0
4969 2884 0
4970 2884 0
4971 2884 0
4972 2886 0
4973 2887 0
4974 2888 0
4975 2889 0
4976 2889 0
4977 2889 0
4978 2891 0
4979 2891 0
4980 2891 0
4981 2893 0
4982 2893 0
4983 2893 0
4984 2894 0
4985 2894 0
4986 2894 0
4987 2895 0
4988 2895 0
4989 2895 0
4990 2896 0
4991 2896 0
4992 2896 0
4993 2898 0
4994 2898 0
4995 2898 0
4996 2900 0
4997 2900 0
4998 2900 0
4999 2902 0
5000 2903 0
5001 2903 0
5002 2903 0
5003 2905 0
5004 2905 0
5005 2905 0
5006 2907 0
5007 2907 0
5008 2907 0
5009 2908 0
5010 2908 0
5011 2908 0
5012 2909 0
5013 2909 0
5014 2909 0
5015 2910 0
5016 2910 0
5017 2910 0
5018 2912 0
5019 2912 0
5020 2912 0
5021 2914 0
5022 2915 0
5023 2916 0
5024 2916 0
5025 2916 0
5026 2918 0
5027 2918 0
5028 2918 0
5029 2920 0
5030 2921 0
5031 2921 0
5032 2921 0
5033 2923 0
5034 2924 0
5035 2925 0
5036 2925 0
5037 2925 0
5038 2927 0
5039 2927 0
5040 2927 0
5041 2928 0
5042 2928 0
5043 2928 0
5044 2929 0
5045 2929 0
5046 2929 0
5047 2931 0
5048 2931 0
5049 2931 0
5050 2933 0
5051 2933 0
5052 2933 0
5053 2935 0
5054 2935 0
5055 2935 0
5056 2936 0
5057 2936 0
5058 2936 0
5059 2937 0
5060 2937 0
5061 2937 0
5062 2939 0
5063 2939 0
5064 2939 0
5065 2941 0
5066 2941 0
5067 2941 0
5068 2942 0
5069 2942 0
5070 2942 0
5071 2943 0
5072 2943 0
5073 2943 0
5074 2945 0
5075 2945 0
5076 2945 0
5077 2947 0
5078 2947 0
5079 2947 0
5080 2948 0
5081 2948 0
5082 2948 0
5083 2949 0
5084 2949 0
5085 2949 0
5086 2950 0
5087 2950 0
5088 2950 0
5089 2952 0
5090 2953 0
5091 2953 0
5092 2953 0
5093 2954 0
5094 2954 0
5095 2954 0
5096 2955 0
5097 2955 0
5098 2955 0
5099 2956 0
5100 2956 0
5101 2956 0
5102 2958 0
5103 2958 0
5104 2958 0
5105 2960 0
5106 2960 0
5107 2960 0
5108 2961 0
5109 2961 0
5110 2961 0
5111 2962 0
5112 2962 0
5113 2962 0
5114 2964 0
5115 2965 0
5116 2965 0
5117 2965 0
5118 2966 0
5119 2966 0
5120 2966 0
5121 2967 0
5122 2967 0
5123 2967 0
5124 2968 0
5125 2968 0
5126 2968 0
5127 2970 0
5128 2970 0
5129 2970 0
5130 2972 0
5131 2973 0
5132 2973 0
5133 2973 0
5134 2974 0
5135 2974 0
5136 2974 0
5137 2975 0
5138 2975 0
5139 2975 0
5140 2976 0
5141 2976 0
5142 2976 0
5143 2978 0
5144 2978 0
5145 2978 0
5146 2980 0
5147 2980 0
5148 2980 0
5149 2982 0
5150 2983 0
5151 2984 0
5152 2984 0
5153 2984 0
5154 2986 0
5155 2987 0
5156 2987 0
5157 2987 0
5158 2989 0
5159 2989 0
5160 2989 0
5161 2990 0
5162 2990 0
5163 2990 0
5164 2992 0
5165 2992 0
5166 2992 0
5167 2993 0
5168 2993 0
5169 2993 0
5170 2994 0
5171 2994 0
5172 2994 0
5173 2996 0
5174 2997 0
5175 2998 0
5176 2998 0
5177 2998 0
5178 3000 0
5179 3000 0
5180 3000 0
5181 3002 0
5182 3002 0
5183 3002 0
5184 3004 0
5185 3005 0
5186 3005 0
5187 3005 0
5188 3007 0
5189 3008 0
5190 3009 0
5191 3009 0
5192 3009 0
5193 3010 0
5194 3010 0
5195 3010 0
5196 3011 0
5197 3011 0
5198 3011 0
5199 3012 0
5200 3012 0
5201 3012 0
5202 3014 0
5203 3014 0
5204 3014 0
5205 3016 0
5206 3017 0
5207 3018 0
5208 3019 0
5209 3019 0
5210 3019 0
5211 3020 0
5212 3020 0
5213 3020 0
5214 3021 0
5215 3021 0
5216 3021 0
5217 3022 0
5218 3022 0
5219 3022 0
5220 3024 0
5221 3024 0
5222 3024 0
5223 3026 0
5224 3026 0
5225 3026 0
5226 3028 0
5227 3029 0
5228 3029 0
5229 3029 0
5230 3031 0
5231 3031 0
5232 3031 0
5233 3032 0
5234 3032 0
5235 3032 0
5236 3034 0
5237 3034 0
5238 3034 0
5239 3036 0
5240 3037 0
5241 3037 0
5242 3037 0
5243 3039 0
5244 3039 0
5245 3039 0
5246 3041 0
5247 3042 0
5248 3043 0
5249 3043 0
5250 3043 0
5251 3044 0
5252 3044 0
5253 3044 0
5254 3045 0
5255 3045 0
5256 3045 0
5257 3046 0
5258 3046 0
5259 3046 0
5260 3048 0
5261 3049 0
5262 3049 0
5263 3049 0
5264 3050 0
5265 3050 0
5266 3050 0
5267 3051 0
5268 3051 0
5269 3051 0
5270 3053 0
5271 3053 0
5272 3053 0
5273 3055 0
5274 3055 0
5275 3055 0
5276 3057 0
5277 3057 0
5278 3057 0
5279 3058 0
5280 3058 0
5281 3058 0
5282 3060 0
5283 3060 0
5284 3060 0
5285 3062 0
5286 3062 0
5287 3062 0
5288 3064 0
5289 3064 0
5290 3064 0
5291 3065 0
5292 3065 0
5293 3065 0
5294 3066 0
5295 3066 0
5296 3066 0
5297 3068 0
5298 3069 0
5299 3069 0
5300 3069 0
5301 3070 0
5302 3070 0
5303 3070 0
5304 3071 0
5305 3071 0
5306 3071 0
5307 3072 0
5308 3072 0
5309 3072 0
5310 3074 0
5311 3074 0
5312 3074 0
5313 3076 0
5314 3076 0
5315 3076 0
5316 3077 0
5317 3077 0
5318 3077 0
5319 3078 0
5320 3078 0
5321 3078 0
5322 3080 0
5323 3080 0
5324 3080 0
5325 3082 0
5326 3082 0
5327 3082 0
5328 3083 0
5329 3083 0
5330 3083 0
5331 3084 0
5332 3084 0
5333 3084 0
5334 3086 0
5335 3086 0
5336 3086 0
5337 3088 0
5338 3089 0
5339 3090 0
5340 3090 0
5341 3090 0
5342 3092 0
5343 3092 0
5344 3092 0
5345 3094 0
5346 3095 0
5347 3095 0
5348 3095 0
5349 3097 0
5350 3097 0
5351 3097 0
5352 3098 0
5353 3098 0
5354 3098 0
5355 3100 0
5356 3100 0
5357 3100 0
5358 3101 0
5359 3101 0
5360 3101 0
5361 3102 0
5362 3102 0
5363 3102 0
5364 3104 0
5365 3104 0
5366 3104 0
5367 3106 0
5368 3106 0
5369 3106 0
5370 3108 0
5371 3109 0
5372 3109 0
5373 3109 0
5374 3111 0
5375 3111 0
5376 3111 0
5377 3112 0
5378 3112 0
5379 3112 0
5380 3114 0
5381 3114 0
5382 3114 0
5383 3115 0
5384 3115 0
5385 3115 0
5386 3116 0
5387 3116 0
5388 3116 0
5389 3118 0
5390 3119 0
5391 3119 0
5392 3119 0
5393 3121 0
5394 3121 0
5395 3121 0
5396 3122 0
5397 3122 0
5398 3122 0
5399 3123 0
5400 3123 0
5401 3123 0
5402 3125 0
5403 3125 0
5404 3125 0
5405 3126 0
5406 3126 0
5407 3126 0
5408 3128 0
5409 3128 0
5410 3128 0
5411 3130 0
5412 3131 0
5413 3132 0
5414 3133 0
5415 3133 0
5416 3133 0
5417 3135 0
5418 3135 0
5419 3135 0
5420 3137 0
5421 3137 0
5422 3137 0
5423 3138 0
5424 3138 0
5425 3138 0
5426 3139 0
5427 3139 0
5428 3139 0
5429 3141 0
5430 3141 0
5431 3141 0
5432 3143 0
5433 3143 0
5434 3143 0
5435 3144 0
5436 3144 0
5437 3144 0
5438 3145 0
5439 3145 0
5440 3145 0
5441 3147 0
5442 3147 0
5443 3147 0
5444 3149 0
5445 3149 0
5446 3149 0
5447 3150 0
5448 3150 0
5449 3150 0
5450 3151 0
5451 3151 0
5452 3151 0
5453 3152 0
5454 3152 0
5455 3152 0
5456 3154 0
5457 3155 0
5458 3155 0
5459 3155 0
5460 3156 0
5461 3156 0
5462 3156 0
5463 3157 0
5464 3157 0
5465 3157 0
5466 3158 0
5467 3158 0
5468 3158 0
5469 3160 0
5470 3160 0
5471 3160 0
5472 3162 0
5473 3162 0
5474 3162 0
5475 3163 0
5476 3163 0
5477 3163 0
5478 3164 0
5479 3164 0
5480 3164 0
5481 3166 0
5482 3166 0
5483 3166 0
5484 3168 0
5485 3168 0
5486 3168 0
5487 3170 0
5488 3170 0
5489 3170 0
5490 3171 0
5491 3171 0
5492 3171 0
5493 3172 0
5494 3172 0
5495 3172 0
5496 3174 0
5497 3174 0
5498 3174 0
5499 3176 0
5500 3176 0
5501 3176 0
5502 3177 0
5503 3177 0
5504 3177 0
5505 3178 0
5506 3178 0
5507 3178 0
5508 3180 0
5509 3181 0
5510 3182 0
5511 3182 0
5512 3182 0
5513 3184 0
5514 3184 0
5515 3184 0
5516 3186 0
5517 3186 0
5518 3186 0
5519 3188 0
5520 3189 0
5521 3189 0
5522 3189 0
5523 3191 0
5524 3191 0
5525 3191 0
5526 3192 0
5527 3192 0
5528 3192 0
5529 3194 0
5530 3194 0
5531 3194 0
5532 3195 0
5533 3195 0
5534 3195 0
5535 3196 0
5536 3196 0
5537 3196 0
5538 3198 0
5539 3198 0
5540 3198 0
5541 3200 0
5542 3200 0
5543 3200 0
5544 3201 0
5545 3201 0
5546 3201 0
5547 3202 0
5548 3202 0
5549 3202 0
5550 3204 0
5551 3204 0
5552 3204 0
5553 3206 0
5554 3206 0
5555 3206 0
5556 3208 0
5557 3209 0
5558 3209 0
5559 3209 0
5560 3211 0
5561 3211 0
5562 3211 0
5563 3213 0
5564 3213 0
5565 3213 0
5566 3214 0
5567 3214 0
5568 3214 0
5569 3215 0
5570 3215 0
5571 3215 0
5572 3216 0
5573 3216 0
5574 3216 0
5575 3218 0
5576 3218 0
5577 3218 0
5578 3220 0
5579 3220 0
5580 3220 0
5581 3222 0
5582 3223 0
5583 3224 0
5584 3224 0
5585 3224 0
5586 3226 0
5587 3227 0
5588 3228 0
5589 3229 0
5590 3229 0
5591 3229 0
5592 3230 0
5593 3230 0
5594 3230 0
5595 3232 0
5596 3232 0
5597 3232 0
5598 3234 0
5599 3235 0
5600 3235 0
5601 3235 0
5602 3237 0
5603 3238 0
5604 3239 0
5605 3239 0
5606 3239 0
5607 3241 0
5608 3241 0
5609 3241 0
5610 3242 0
5611 3242 0
5612 3242 0
5613 3243 0
5614 3243 0
5615 3243 0
5616 3244 0
5617 3244 0
5618 3244 0
5619 3246 0
5620 3247 0
5621 3247 0
5622 3247 0
5623 3248 0
5624 3248 0
5625 3248 0
5626 3249 0
5627 3249 0
5628 3249 0
5629 3250 0
5630 3250 0
5631 3250 0
5632 3252 0
5633 3253 0
5634 3253 0
5635 3253 0
5636 3254 0
5637 3254 0
5638 3254 0
5639 3255 0
5640 3255 0
5641 3255 0
5642 3256 0
5643 3256 0
5644 3256 0
5645 3258 0
5646 3258 0
5647 3258 0
5648 3260 0
5649 3260 0
5650 3260 0
5651 3262 0
5652 3262 0
5653 3262 0
5654 3264 0
5655 3265 0
5656 3266 0
5657 3267 0
5658 3267 0
5659 3267 0
5660 3269 0
5661 3269 0
5662 3269 0
5663 3270 0
5664 3270 0
5665 3270 0
5666 3272 0
5667 3272 0
5668 3272 0
5669 3274 0
5670 3275 0
5671 3275 0
5672 3275 0
5673 3277 0
5674 3277 0
5675 3277 0
5676 3279 0
5677 3279 0
5678 3279 0
5679 3281 0
5680 3281 0
5681 3281 0
5682 3282 0
5683 3282 0
5684 3282 0
5685 3283 0
5686 3283 0
5687 3283 0
5688 3284 0
5689 3284 0
5690 3284 0
5691 3286 0
5692 3286 0
5693 3286 0
5694 3288 0
5695 3288 0
5696 3288 0
5697 3290 0
5698 3291 0
5699 3291 0
5700 3291 0
5701 3293 0
5702 3293 0
5703 3293 0
5704 3295 0
5705 3295 0
5706 3295 0
5707 3297 0
5708 3297 0
5709 3297 0
5710 3298 0
5711 3298 0
5712 3298 0
5713 3299 0
5714 3299 0
5715 3299 0
5716 3301 0
5717 3301 0
5718 3301 0
5719 3302 0
5720 3302 0
5721 3302 0
5722 3304 0
5723 3304 0
5724 3304 0
5725 3306 0
5726 3307 0
5727 3307 0
5728 3307 0
5729 3309 0
5730 3309 0
5731 3309 0
5732 3311 0
5733 3311 0
5734 3311 0
5735 3313 0
5736 3313 0
5737 3313 0
5738 3315 0
5739 3315 0
5740 3315 0
5741 3316 0
5742 3316 0
5743 3316 0
5744 3317 0
5745 3317 0
5746 3317 0
5747 3318 0
5748 3318 0
5749 3318 0
5750 3320 0
5751 3321 0
5752 3321 0
5753 3321 0
5754 3322 0
5755 3322 0
5756 3322 0
5757 3323 0
5758 3323 0
5759 3323 0
5760 3324 0
5761 3324 0
5762 3324 0
5763 3326 0
5764 3327 0
5765 3327 0
5766 3327 0
5767 3328 0
5768 3328 0
5769 3328 0
5770 3330 0
5771 3331 0
5772 3331 0
5773 3331 0
5774 3333 0
5775 3333 0
5776 3333 0
5777 3334 0
5778 3334 0
5779 3334 0
5780 3335 0
5781 3335 0
5782 3335 0
5783 3337 0
5784 3338 0
5785 3339 0
5786 3339 0
5787 3339 0
5788 3340 0
5789 3340 0
5790 3340 0
5791 3341 0
5792 3341 0
5793 3341 0
5794 3342 0
5795 3342 0
5796 3342 0
5797 3344 0
5798 3344 0
5799 3344 0
5800 3346 0
5801 3347 0
5802 3347 0
5803 3347 0
5804 3348 0
5805 3348 0
5806 3348 0
5807 3350 0
5808 3350 0
5809 3350 0
5810 3352 0
5811 3352 0
5812 3352 0
5813 3353 0
5814 3353 0
5815 3353 0
5816 3354 0
5817 3354 0
5818 3354 0
5819 3356 0
5820 3356 0
5821 3356 0
5822 3358 0
5823 3358 0
5824 3358 0
5825 3359 0
5826 3359 0
5827 3359 0
5828 3360 0
5829 3360 0
5830 3360 0
5831 3362 0
5832 3362 0
5833 3362 0
5834 3364 0
5835 3365 0
5836 3366 0
5837 3366 0
5838 3366 0
5839 3368 0
5840 3368 0
5841 3368 0
5842 3370 0
5843 3371 0
5844 3371 0
5845 3371 0
5846 3373 0
5847 3373 0
5848 3373 0
5849 3374 0
5850 3374 0
5851 3374 0
5852 3376 0
5853 3376 0
5854 3376 0
5855 3378 0
5856 3379 0
5857 3379 0
5858 3379 0
5859 3381 0
5860 3381 0
5861 3381 0
5862 3383 0
5863 3383 0
5864 3383 0
5865 3385 0
5866 3385 0
5867 3385 0
5868 3386 0
5869 3386 0
5870 3386 0
5871 3387 0
5872 3387 0
5873 3387 0
5874 3388 0
5875 3388 0
5876 3388 0
5877 3390 0
5878 3390 0
5879 3390 0
5880 3392 0
5881 3392 0
5882 3392 0
5883 3394 0
5884 3395 0
5885 3395 0
5886 3395 0
5887 3397 0
5888 3397 0
5889 3397 0
5890 3399 0
5891 3399 0
5892 3399 0
5893 3401 0
5894 3401 0
5895 3401 0
5896 3402 0
5897 3402 0
5898 3402 0
5899 3403 0
5900 3403 0
5901 3403 0
5902 3405 0
5903 3405 0
5904 3405 0
5905 3406 0
5906 3406 0
5907 3406 0
5908 3408 0
5909 3408 0
5910 3408 0
5911 3410 0
5912 3411 0
5913 3411 0
5914 3411 0
5915 3413 0
5916 3413 0
5917 3413 0
5918 3415 0
5919 3415 0
5920 3415 0
5921 3417 0
5922 3417 0
5923 3417 0
5924 3419 0
5925 3419 0
5926 3419 0
5927 3420 0
5928 3420 0
5929 3420 0
5930 3421 0
5931 3421 0
5932 3421 0
5933 3422 0
5934 3422 0
5935 3422 0
5936 3424 0
5937 3425 0
5938 3425 0
5939 3425 0
5940 3427 0
5941 3427 0
5942 3427 0
5943 3429 0
5944 3429 0
5945 3429 0
5946 3431 0
5947 3431 0
5948 3431 0
5949 3432 0
5950 3432 0
5951 3432 0
5952 3433 0
5953 3433 0
5954 3433 0
5955 3435 0
5956 3436 0
5957 3437 0
5958 3437 0
5959 3437 0
5960 3438 0
5961 3438 0
5962 3438 0
5963 3439 0
5964 3439 0
5965 3439 0
5966 3440 0
5967 3440 0
5968 3440 0
5969 3442 0
5970 3443 0
5971 3443 0
5972 3443 0
5973 3445 0
5974 3445 0
5975 3445 0
5976 3446 0
5977 3446 0
5978 3446 0
5979 3448 0
5980 3448 0
5981 3448 0
5982 3450 0
5983 3450 0
5984 3450 0
5985 3451 0
5986 3451 0
5987 3451 0
5988 3452 0
5989 3452 0
5990 3452 0
5991 3454 0
5992 3454 0
5993 3456 0
5994 3456 0
5995 3456 0
5996 3456 0
5997 3457 0
5998 3457 0
5999 3459 0
6000 3459 0
6001 3459 0
6002 3459 0
6003 3461 0
6004 3462 0
6005 3462 0
6006 3463 0
6007 3463 0
6008 3463 0
6009 3463 0
6010 3465 0
6011 3465 0
6012 3466 0
6013 3466 0
6014 3466 0
6015 3466 0
6016 3467 0
6017 3467 0
6018 3469 0
6019 3469 0
6020 3469 0
6021 3469 0
6022 3470 0
6023 3470 0
6024 3472 0
6025 3472 0
6026 3472 0
6027 3472 0
6028 3473 0
6029 3473 0
6030 3475 0
6031 3476 0
6032 3476 0
6033 3477 0
6034 3477 0
6035 3479 0
6036 3479 0
6037 3480 0
6038 3480 0
6039 3481 0
6040 3481 0
6041 3482 0
6042 3482 0
6043 3484 0
6044 3484 0
6045 3484 0
6046 3484 0
6047 3486 0
6048 3486 0
6049 3488 0
6050 3488 0
6051 3489 0
6052 3489 0
6053 3490 0
6054 3490 0
6055 3491 0
6056 3491 0
6057 3493 0
6058 3493 0
6059 3493 0
6060 3493 0
6061 3494 0
6062 3494 0
6063 3496 0
6064 3496 0
6065 3496 0
6066 3496 0
6067 3497 0
6068 3497 0
6069 3499 0
6070 3500 0
6071 3500 0
6072 3501 0
6073 3501 0
6074 3503 0
6075 3503 0
6076 3504 0
6077 3504 0
6078 3505 0
6079 3505 0
6080 3506 0
6081 3506 0
6082 3508 0
6083 3509 0
6084 3509 0
6085 3510 0
6086 3510 0
6087 3512 0
6088 3512 0
6089 3514 0
6090 3515 0
6091 3515 0
6092 3516 0
6093 3516 0
6094 3516 0
6095 3516 0
6096 3518 0
6097 3518 0
6098 3519 0
6099 3519 0
6100 3520 0
6101 3520 0
6102 3521 0
6103 3521 0
6104 3523 0
6105 3523 0
6106 3525 0
6107 3526 0
6108 3526 0
6109 3528 0
6110 3528 0
6111 3528 0
6112 3528 0
6113 3529 0
6114 3529 0
6115 3531 0
6116 3531 0
6117 3531 0
6118 3531 0
6119 3532 0
6120 3532 0
6121 3534 0
6122 3534 0
6123 3534 0
6124 3534 0
6125 3535 0
6126 3535 0
6127 3535 0
6128 3535 0
6129 3537 0
6130 3537 0
6131 3538 0
6132 3538 0
6133 3538 0
6134 3538 0
6135 3540 0
6136 3540 0
6137 3542 0
6138 3542 0
6139 3544 0
6140 3544 0
6141 3544 0
6142 3544 0
6143 3545 0
6144 3545 0
6145 3547 0
6146 3547 0
6147 3547 0
6148 3547 0
6149 3549 0
6150 3549 0
6151 3551 0
6152 3551 0
6153 3552 0
6154 3552 0
6155 3554 0
6156 3554 0
6157 3555 0
6158 3555 0
6159 3556 0
6160 3556 0
6161 3557 0
6162 3557 0
6163 3559 0
6164 3559 0
6165 3559 0
6166 3559 0
6167 3560 0
6168 3560 0
6169 3562 0
6170 3563 0
6171 3563 0
6172 3564 0
6173 3564 0
6174 3565 0
6175 3565 0
6176 3566 0
6177 3566 0
6178 3568 0
6179 3568 0
6180 3568 0
6181 3568 0
6182 3570 0
6183 3570 0
6184 3572 0
6185 3572 0
6186 3573 0
6187 3573 0
6188 3575 0
6189 3575 0
6190 3576 0
6191 3576 0
6192 3577 0
6193 3577 0
6194 3578 0
6195 3578 0
6196 3580 0
6197 3581 0
6198 3581 0
6199 3582 0
6200 3582 0
6201 3582 0
6202 3582 0
6203 3584 0
6204 3584 0
6205 3585 0
6206 3585 0
6207 3586 0
6208 3586 0
6209 3588 0
6210 3589 0
6211 3589 0
6212 3590 0
6213 3590 0
6214 3592 0
6215 3592 0
6216 3594 0
6217 3594 0
6218 3594 0
6219 3594 0
6220 3596 0
6221 3596 0
6222 3597 0
6223 3597 0
6224 3598 0
6225 3598 0
6226 3599 0
6227 3599 0
6228 3601 0
6229 3601 0
6230 3602 0
6231 3602 0
6232 3604 0
6233 3604 0
6234 3606 0
6235 3606 0
6236 3606 0
6237 3606 0
6238 3608 0
6239 3608 0
6240 3609 0
6241 3609 0
6242 3609 0
6243 3609 0
6244 3610 0
6245 3610 0
6246 3612 0
6247 3612 0
6248 3612 0
6249 3612 0
6250 3613 0
6251 3613 0
6252 3615 0
6253 3615 0
6254 3615 0
6255 3615 0
6256 3616 0
6257 3616 0
6258 3616 0
6259 3616 0
6260 3618 0
6261 3618 0
6262 3620 0
6263 3621 0
6264 3621 0
6265 3622 0
6266 3622 0
6267 3622 0
6268 3622 0
6269 3624 0
6270 3624 0
6271 3626 0
6272 3626 0
6273 3627 0
6274 3627 0
6275 3629 0
6276 3629 0
6277 3630 0
6278 3630 0
6279 3631 0
6280 3631 0
6281 3632 0
6282 3632 0
6283 3634 0
6284 3634 0
6285 3634 0
6286 3634 0
6287 3635 0
6288 3635 0
6289 3637 0
6290 3638 0
6291 3638 0
6292 3639 0
6293 3639 0
6294 3641 0
6295 3641 0
6296 3643 0
6297 3643 0
6298 3644 0
6299 3644 0
6300 3646 0
6301 3647 0
6302 3647 0
6303 3648 0
6304 3648 0
6305 3648 0
6306 3648 0
6307 3649 0
6308 3649 0
6309 3651 0
6310 3652 0
6311 3653 0
6312 3653 0
6313 3655 0
6314 3656 0
6315 3656 0
6316 3657 0
6317 3657 0
6318 3657 0
6319 3657 0
6320 3659 0
6321 3659 0
6322 3660 0
6323 3660 0
6324 3661 0
6325 3661 0
6326 3662 0
6327 3662 0
6328 3664 0
6329 3664 0
6330 3666 0
6331 3667 0
6332 3667 0
6333 3669 0
6334 3669 0
6335 3669 0
6336 3669 0
6337 3671 0
6338 3671 0
6339 3672 0
6340 3672 0
6341 3673 0
6342 3673 0
6343 3674 0
6344 3674 0
6345 3676 0
6346 3676 0
6347 3677 0
6348 3677 0
6349 3679 0
6350 3680 0
6351 3680 0
6352 3681 0
6353 3681 0
6354 3681 0
6355 3681 0
6356 3683 0
6357 3683 0
6358 3684 0
6359 3684 0
6360 3684 0
6361 3684 0
6362 3686 0
6363 3686 0
6364 3687 0
6365 3687 0
6366 3687 0
6367 3687 0
6368 3688 0
6369 3688 0
6370 3690 0
6371 3690 0
6372 3690 0
6373 3690 0
6374 3691 0
6375 3691 0
6376 3691 0
6377 3691 0
6378 3693 0
6379 3693 0
6380 3694 0
6381 3694 0
6382 3694 0
6383 3694 0
6384 3696 0
6385 3696 0
6386 3697 0
6387 3697 0
6388 3697 0
6389 3697 0
6390 3699 0
6391 3699 0
6392 3700 0
6393 3700 0
6394 3700 0
6395 3700 0
6396 3701 0
6397 3701 0
6398 3703 0
6399 3704 0
6400 3704 0
6401 3705 0
6402 3705 0
6403 3707 0
6404 3707 0
6405 3708 0
6406 3708 0
6407 3709 0
6408 3709 0
6409 3710 0
6410 3710 0
6411 3712 0
6412 3713 0
6413 3713 0
6414 3714 0
6415 3714 0
6416 3716 0
6417 3716 0
6418 3718 0
6419 3718 0
6420 3719 0
6421 3719 0
6422 3721 0
6423 3722 0
6424 3722 0
6425 3723 0
6426 3723 0
6427 3723 0
6428 3723 0
6429 3724 0
6430 3724 0
6431 3726 0
6432 3726 0
6433 3726 0
6434 3726 0
6435 3728 0
6436 3728 0
6437 3729 0
6438 3729 0
6439 3730 0
6440 3730 0
6441 3731 0
6442 3731 0
6443 3733 0
6444 3733 0
6445 3735 0
6446 3736 0
6447 3736 0
6448 3738 0
6449 3738 0
6450 3738 0
6451 3738 0
6452 3740 0
6453 3740 0
6454 3741 0
6455 3741 0
6456 3742 0
6457 3742 0
6458 3743 0
6459 3743 0
6460 3745 0
6461 3745 0
6462 3746 0
6463 3746 0
6464 3748 0
6465 3748 0
6466 3750 0
6467 3750 0
6468 3750 0
6469 3750 0
6470 3752 0
6471 3752 0
6472 3753 0
6473 3753 0
6474 3753 0
6475 3753 0
6476 3754 0
6477 3754 0
6478 3756 0
6479 3756 0
6480 3756 0
6481 3756 0
6482 3757 0
6483 3757 0
6484 3759 0
6485 3759 0
6486 3759 0
6487 3759 0
6488 3760 0
6489 3760 0
6490 3760 0
6491 3760 0
6492 3761 0
6493 3761 0
6494 3763 0
6495 3763 0
6496 3763 0
6497 3763 0
6498 3764 0
6499 3764 0
6500 3766 0
6501 3766 0
6502 3766 0
6503 3766 0
6504 3767 0
6505 3767 0
6506 3769 0
6507 3770 0
6508 3770 0
6509 3771 0
6510 3771 0
6511 3773 0
6512 3773 0
6513 3774 0
6514 3774 0
6515 3775 0
6516 3775 0
6517 3776 0
6518 3776 0
6519 3778 0
6520 3779 0
6521 3779 0
6522 3780 0
6523 3780 0
6524 3780 0
6525 3780 0
6526 3782 0
6527 3782 0
6528 3783 0
6529 3783 0
6530 3784 0
6531 3784 0
6532 3786 0
6533 3787 0
6534 3787 0
6535 3788 0
6536 3788 0
6537 3790 0
6538 3790 0
6539 3792 0
6540 3792 0
6541 3792 0
6542 3792 0
6543 3794 0
6544 3794 0
6545 3795 0
6546 3795 0
6547 3796 0
6548 3796 0
6549 3797 0
6550 3797 0
6551 3799 0
6552 3800 0
6553 3800 0
6554 3802 0
6555 3803 0
6556 3803 0
6557 3804 0
6558 3804 0
6559 3804 0
6560 3804 0
6561 3806 0
6562 3806 0
6563 3807 0
6564 3807 0
6565 3808 0
6566 3808 0
6567 3809 0
6568 3809 0
6569 3811 0
6570 3811 0
6571 3812 0
6572 3812 0
6573 3814 0
6574 3815 0
6575 3815 0
6576 3816 0
6577 3816 0
6578 3816 0
6579 3816 0
6580 3818 0
6581 3818 0
6582 3819 0
6583 3819 0
6584 3819 0
6585 3819 0
6586 3821 0
6587 3821 0
6588 3822 0
6589 3822 0
6590 3822 0
6591 3822 0
6592 3823 0
6593 3823 0
6594 3825 0
6595 3825 0
6596 3825 0
6597 3825 0
6598 3826 0
6599 3826 0
6600 3826 0
6601 3826 0
6602 3827 0
6603 3827 0
6604 3829 0
6605 3829 0
6606 3829 0
6607 3829 0
6608 3830 0
6609 3830 0
6610 3832 0
6611 3832 0
6612 3832 0
6613 3832 0
6614 3834 0
6615 3834 0
6616 3836 0
6617 3836 0
6618 3837 0
6619 3837 0
6620 3839 0
6621 3839 0
6622 3841 0
6623 3841 0
6624 3842 0
6625 3842 0
6626 3844 0
6627 3844 0
6628 3844 0
6629 3844 0
6630 3845 0
6631 3845 0
6632 3847 0
6633 3848 0
6634 3848 0
6635 3849 0
6636 3849 0
6637 3851 0
6638 3851 0
6639 3852 0
6640 3852 0
6641 3853 0
6642 3853 0
6643 3854 0
6644 3854 0
6645 3856 0
6646 3857 0
6647 3857 0
6648 3859 0
6649 3860 0
6650 3860 0
6651 3862 0
6652 3862 0
6653 3863 0
6654 3863 0
6655 3865 0
6656 3866 0
6657 3866 0
6658 3867 0
6659 3867 0
6660 3867 0
6661 3867 0
6662 3869 0
6663 3869 0
6664 3870 0
6665 3870 0
6666 3871 0
6667 3871 0
6668 3873 0
6669 3874 0
6670 3874 0
6671 3875 0
6672 3875 0
6673 3877 0
6674 3877 0
6675 3879 0
6676 3879 0
6677 3879 0
6678 3879 0
6679 3881 0
6680 3881 0
6681 3882 0
6682 3882 0
6683 3883 0
6684 3883 0
6685 3884 0
6686 3884 0
6687 3886 0
6688 3887 0
6689 3887 0
6690 3889 0
6691 3890 0
6692 3890 0
6693 3891 0
6694 3891 0
6695 3891 0
6696 3891 0
6697 3892 0
6698 3892 0
6699 3894 0
6700 3894 0
6701 3894 0
6702 3894 0
6703 3896 0
6704 3896 0
6705 3897 0
6706 3897 0
6707 3898 0
6708 3898 0
6709 3899 0
6710 3899 0
6711 3901 0
6712 3901 0
6713 3902 0
6714 3902 0
6715 3904 0
6716 3905 0
6717 3905 0
6718 3906 0
6719 3906 0
6720 3906 0
6721 3906 0
6722 3908 0
6723 3908 0
6724 3909 0
6725 3909 0
6726 3909 0
6727 3909 0
6728 3911 0
6729 3911 0
6730 3912 0
6731 3912 0
6732 3912 0
6733 3912 0
6734 3913 0
6735 3913 0
6736 3915 0
6737 3915 0
6738 3915 0
6739 3915 0
6740 3916 0
6741 3916 0
6742 3916 0
6743 3916 0
6744 3917 0
6745 3917 0
6746 3919 0
6747 3919 0
6748 3919 0
6749 3919 0
6750 3920 0
6751 3920 0
6752 3922 0
6753 3923 0
6754 3923 0
6755 3924 0
6756 3924 0
6757 3925 0
6758 3925 0
6759 3926 0
6760 3926 0
6761 3928 0
6762 3928 0
6763 3929 0
6764 3929 0
6765 3931 0
6766 3931 0
6767 3933 0
6768 3933 0
6769 3933 0
6770 3933 0
6771 3935 0
6772 3935 0
6773 3936 0
6774 3936 0
6775 3936 0
6776 3936 0
6777 3937 0
6778 3937 0
6779 3939 0
6780 3939 0
6781 3939 0
6782 3939 0
6783 3940 0
6784 3940 0
6785 3942 0
6786 3942 0
6787 3942 0
6788 3942 0
6789 3943 0
6790 3943 0
6791 3943 0
6792 3943 0
6793 3944 0
6794 3944 0
6795 3946 0
6796 3947 0
6797 3947 0
6798 3948 0
6799 3948 0
6800 3949 0
6801 3949 0
6802 3950 0
6803 3950 0
6804 3952 0
6805 3952 0
6806 3953 0
6807 3953 0
6808 3955 0
6809 3956 0
6810 3956 0
6811 3957 0
6812 3957 0
6813 3957 0
6814 3957 0
6815 3959 0
6816 3959 0
6817 3960 0
6818 3960 0
6819 3960 0
6820 3960 0
6821 3961 0
6822 3961 0
6823 3963 0
6824 3963 0
6825 3963 0
6826 3963 0
6827 3965 0
6828 3965 0
6829 3966 0
6830 3966 0
6831 3967 0
6832 3967 0
6833 3968 0
6834 3968 0
6835 3970 0
6836 3970 0
6837 3971 0
6838 3971 0
6839 3973 0
6840 3974 0
6841 3974 0
6842 3975 0
6843 3975 0
6844 3975 0
6845 3975 0
6846 3977 0
6847 3977 0
6848 3979 0
6849 3980 0
6850 3980 0
6851 3981 0
6852 3981 0
6853 3981 0
6854 3981 0
6855 3982 0
6856 3982 0
6857 3982 0
6858 3982 0
6859 3984 0
6860 3984 0
6861 3985 0
6862 3985 0
6863 3985 0
6864 3985 0
6865 3987 0
6866 3987 0
6867 3988 0
6868 3988 0
6869 3990 0
6870 3990 0
6871 3990 0
6872 3990 0
6873 3991 0
6874 3991 0
6875 3993 0
6876 3994 0
6877 3994 0
6878 3994 0
6879 3994 0
6880 3996 0
6881 3996 0
6882 3997 0
6883 3997 0
6884 3997 0
6885 3997 0
6886 3998 0
6887 3998 0
6888 4000 0
6889 4000 0
6890 4000 0
6891 4000 0
6892 4001 0
6893 4001 0
6894 4003 0
6895 4004 0
6896 4004 0
6897 4005 0
6898 4005 0
6899 4007 0
6900 4007 0
6901 4008 0
6902 4008 0
6903 4009 0
6904 4009 0
6905 4010 0
6906 4010 0
6907 4012 0
6908 4013 0
6909 4013 0
6910 4014 0
6911 4014 0
6912 4014 0
6913 4014 0
6914 4015 0
6915 4015 0
6916 4015 0
6917 4015 0
6918 4017 0
6919 4017 0
6920 4018 0
6921 4018 0
6922 4018 0
6923 4018 0
6924 4019 0
6925 4019 0
6926 4021 0
6927 4022 0
6928 4022 0
6929 4023 0
6930 4023 0
6931 4025 0
6932 4025 0
6933 4026 0
6934 4026 0
6935 4027 0
6936 4027 0
6937 4028 0
6938 4028 0
6939 4030 0
6940 4031 0
6941 4031 0
6942 4032 0
6943 4032 0
6944 4032 0
6945 4032 0
6946 4034 0
6947 4034 0
6948 4035 0
6949 4035 0
6950 4035 0
6951 4035 0
6952 4036 0
6953 4036 0
6954 4036 0
6955 4036 0
6956 4038 0
6957 4038 0
6958 4040 0
6959 4041 0
6960 4041 0
6961 4042 0
6962 4042 0
6963 4042 0
6964 4042 0
6965 4043 0
6966 4043 0
6967 4045 0
6968 4045 0
6969 4045 0
6970 4045 0
6971 4046 0
6972 4046 0
6973 4048 0
6974 4048 0
6975 4048 0
6976 4048 0
6977 4049 0
6978 4049 0
6979 4051 0
6980 4052 0
6981 4052 0
6982 4053 0
6983 4053 0
6984 4055 0
6985 4055 0
6986 4056 0
6987 4056 0
6988 4057 0
6989 4057 0
6990 4058 0
6991 4058 0
6992 4060 0
6993 4060 0
6994 4060 0
6995 4060 0
6996 4061 0
6997 4061 0
6998 4063 0
6999 4064 0
7000 4064 0
7001 4065 0
7002 4065 0
7003 4067 0
7004 4067 0
7005 4068 0
7006 4068 0
7007 4069 0
7008 4069 0
7009 4070 0
7010 4070 0
7011 4072 0
7012 4072 0
7013 4072 0
7014 4072 0
7015 4074 0
7016 4074 0
7017 4076 0
7018 4076 0
7019 4077 0
7020 4077 0
7021 4078 0
7022 4078 0
7023 4079 0
7024 4079 0
7025 4081 0
7026 4081 0
7027 4081 0
7028 4081 0
7029 4082 0
7030 4082 0
7031 4084 0
7032 4085 0
7033 4085 0
7034 4086 0
7035 4086 0
7036 4087 0
7037 4087 0
7038 4088 0
7039 4088 0
7040 4090 0
7041 4091 0
7042 4091 0
7043 4093 0
7044 4094 0
7045 4094 0
7046 4095 0
7047 4095 0
7048 4095 0
7049 4095 0
7050 4097 0
7051 4097 0
7052 4098 0
7053 4098 0
7054 4099 0
7055 4099 0
7056 4101 0
7057 4102 0
7058 4102 0
7059 4104 0
7060 4104 0
7061 4104 0
7062 4104 0
7063 4106 0
7064 4106 0
7065 4107 0
7066 4107 0
7067 4107 0
7068 4107 0
7069 4109 0
7070 4109 0
7071 4110 0
7072 4110 0
7073 4110 0
7074 4110 0
7075 4111 0
7076 4111 0
7077 4111 0
7078 4111 0
7079 4113 0
7080 4113 0
7081 4114 0
7082 4114 0
7083 4114 0
7084 4114 0
7085 4116 0
7086 4116 0
7087 4117 0
7088 4117 0
7089 4117 0
7090 4117 0
7091 4118 0
7092 4118 0
7093 4120 0
7094 4121 0
7095 4121 0
7096 4123 0
7097 4123 0
7098 4123 0
7099 4123 0
7100 4125 0
7101 4125 0
7102 4127 0
7103 4127 0
7104 4128 0
7105 4128 0
7106 4130 0
7107 4130 0
7108 4131 0
7109 4131 0
7110 4132 0
7111 4132 0
7112 4133 0
7113 4133 0
7114 4135 0
7115 4135 0
7116 4135 0
7117 4135 0
7118 4137 0
7119 4137 0
7120 4139 0
7121 4139 0
7122 4140 0
7123 4140 0
7124 4142 0
7125 4142 0
7126 4143 0
7127 4143 0
7128 4144 0
7129 4144 0
7130 4145 0
7131 4145 0
7132 4147 0
7133 4147 0
7134 4147 0
7135 4147 0
7136 4148 0
7137 4148 0
7138 4150 0
7139 4151 0
7140 4151 0
7141 4152 0
7142 4152 0
7143 4153 0
7144 4153 0
7145 4154 0
7146 4154 0
7147 4156 0
7148 4157 0
7149 4157 0
7150 4158 0
7151 4158 0
7152 4160 0
7153 4160 0
7154 4162 0
7155 4162 0
7156 4163 0
7157 4163 0
7158 4165 0
7159 4166 0
7160 4166 0
7161 4167 0
7162 4167 0
7163 4167 0
7164 4167 0
7165 4168 0
7166 4168 0
7167 4170 0
7168 4170 0
7169 4170 0
7170 4170 0
7171 4171 0
7172 4171 0
7173 4171 0
7174 4171 0
7175 4173 0
7176 4173 0
7177 4175 0
7178 4175 0
7179 4177 0
7180 4178 0
7181 4178 0
7182 4179 0
7183 4179 0
7184 4180 0
7185 4180 0
7186 4181 0
7187 4181 0
7188 4183 0
7189 4183 0
7190 4183 0
7191 4183 0
7192 4184 0
7193 4184 0
7194 4186 0
7195 4187 0
7196 4187 0
7197 4188 0
7198 4188 0
7199 4189 0
7200 4189 0
7201 4191 0
7202 4192 0
7203 4192 0
7204 4193 0
7205 4193 0
7206 4195 0
7207 4195 0
7208 4197 0
7209 4197 0
7210 4197 0
7211 4197 0
7212 4199 0
7213 4199 0
7214 4200 0
7215 4200 0
7216 4201 0
7217 4201 0
7218 4202 0
7219 4202 0
7220 4204 0
7221 4205 0
7222 4205 0
7223 4207 0
7224 4208 0
7225 4208 0
7226 4209 0
7227 4209 0
7228 4209 0
7229 4209 0
7230 4211 0
7231 4211 0
7232 4213 0
7233 4213 0
7234 4215 0
7235 4216 0
7236 4216 0
7237 4218 0
7238 4218 0
7239 4218 0
7240 4218 0
7241 4220 0
7242 4220 0
7243 4221 0
7244 4221 0
7245 4222 0
7246 4222 0
7247 4223 0
7248 4223 0
7249 4225 0
7250 4225 0
7251 4226 0
7252 4226 0
7253 4228 0
7254 4228 0
7255 4230 0
7256 4230 0
7257 4230 0
7258 4230 0
7259 4232 0
7260 4232 0
7261 4233 0
7262 4233 0
7263 4233 0
7264 4233 0
7265 4234 0
7266 4234 0
7267 4236 0
7268 4237 0
7269 4237 0
7270 4239 0
7271 4239 0
7272 4239 0
7273 4239 0
7274 4240 0
7275 4240 0
7276 4240 0
7277 4240 0
7278 4242 0
7279 4242 0
7280 4243 0
7281 4243 0
7282 4243 0
7283 4243 0
7284 4245 0
7285 4245 0
7286 4247 0
7287 4247 0
7288 4248 0
7289 4248 0
7290 4249 0
7291 4249 0
7292 4250 0
7293 4250 0
7294 4252 0
7295 4252 0
7296 4253 0
7297 4253 0
7298 4255 0
7299 4256 0
7300 4256 0
7301 4257 0
7302 4257 0
7303 4257 0
7304 4257 0
7305 4259 0
7306 4259 0
7307 4260 0
7308 4260 0
7309 4260 0
7310 4260 0
7311 4262 0
7312 4262 0
7313 4263 0
7314 4263 0
7315 4263 0
7316 4263 0
7317 4264 0
7318 4264 0
7319 4266 0
7320 4266 0
7321 4266 0
7322 4266 0
7323 4268 0
7324 4269 0
7325 4269 0
7326 4270 0
7327 4270 0
7328 4270 0
7329 4270 0
7330 4272 0
7331 4272 0
7332 4273 0
7333 4273 0
7334 4273 0
7335 4273 0
7336 4274 0
7337 4274 0
7338 4276 0
7339 4277 0
7340 4277 0
7341 4279 0
7342 4280 0
7343 4280 0
7344 4281 0
7345 4281 0
7346 4282 0
7347 4282 0
7348 4283 0
7349 4283 0
7350 4285 0
7351 4286 0
7352 4286 0
7353 4287 0
7354 4287 0
7355 4289 0
7356 4289 0
7357 4291 0
7358 4291 0
7359 4292 0
7360 4292 0
7361 4294 0
7362 4295 0
7363 4295 0
7364 4296 0
7365 4296 0
7366 4296 0
7367 4296 0
7368 4297 0
7369 4297 0
7370 4299 0
7371 4299 0
7372 4299 0
7373 4299 0
7374 4301 0
7375 4301 0
7376 4302 0
7377 4302 0
7378 4303 0
7379 4303 0
7380 4304 0
7381 4304 0
7382 4306 0
7383 4306 0
7384 4308 0
7385 4309 0
7386 4309 0
7387 4311 0
7388 4311 0
7389 4311 0
7390 4311 0
7391 4313 0
7392 4313 0
7393 4314 0
7394 4314 0
7395 4315 0
7396 4315 0
7397 4316 0
7398 4316 0
7399 4318 0
7400 4318 0
7401 4319 0
7402 4319 0
7403 4321 0
7404 4321 0
7405 4323 0
7406 4323 0
7407 4323 0
7408 4323 0
7409 4325 0
7410 4325 0
7411 4326 0
7412 4326 0
7413 4326 0
7414 4326 0
7415 4327 0
7416 4327 0
7417 4329 0
7418 4329 0
7419 4329 0
7420 4329 0
7421 4330 0
7422 4330 0
7423 4332 0
7424 4332 0
7425 4332 0
7426 4332 0
7427 4333 0
7428 4333 0
7429 4333 0
7430 4333 0
7431 4334 0
7432 4334 0
7433 4336 0
7434 4336 0
7435 4336 0
7436 4336 0
7437 4337 0
7438 4337 0
7439 4339 0
7440 4339 0
7441 4339 0
7442 4339 0
7443 4341 0
7444 4341 0
7445 4342 0
7446 4342 0
7447 4342 0
7448 4342 0
7449 4343 0
7450 4343 0
7451 4345 0
7452 4346 0
7453 4346 0
7454 4347 0
7455 4347 0
7456 4349 0
7457 4349 0
7458 4350 0
7459 4350 0
7460 4351 0
7461 4351 0
7462 4352 0
7463 4352 0
7464 4354 0
7465 4355 0
7466 4355 0
7467 4356 0
7468 4356 0
7469 4356 0
7470 4356 0
7471 4358 0
7472 4358 0
7473 4359 0
7474 4359 0
7475 4360 0
7476 4360 0
7477 4362 0
7478 4363 0
7479 4363 0
7480 4364 0
7481 4364 0
7482 4366 0
7483 4366 0
7484 4368 0
7485 4368 0
7486 4368 0
7487 4368 0
7488 4370 0
7489 4370 0
7490 4371 0
7491 4371 0
7492 4372 0
7493 4372 0
7494 4373 0
7495 4373 0
7496 4375 0
7497 4376 0
7498 4376 0
7499 4378 0
7500 4379 0
7501 4379 0
7502 4380 0
7503 4380 0
7504 4380 0
7505 4380 0
7506 4382 0
7507 4382 0
7508 4383 0
7509 4383 0
7510 4384 0
7511 4384 0
7512 4385 0
7513 4385 0
7514 4387 0
7515 4387 0
7516 4388 0
7517 4388 0
7518 4390 0
7519 4391 0
7520 4392 0
7521 4392 0
7522 4392 0
7523 4392 0
7524 4394 0
7525 4394 0
7526 4395 0
7527 4395 0
7528 4395 0
7529 4395 0
7530 4397 0
7531 4397 0
7532 4398 0
7533 4398 0
7534 4398 0
7535 4398 0
7536 4399 0
7537 4399 0
7538 4401 0
7539 4401 0
7540 4401 0
7541 4401 0
7542 4402 0
7543 4402 0
7544 4402 0
7545 4402 0
7546 4403 0
7547 4403 0
7548 4405 0
7549 4405 0
7550 4405 0
7551 4405 0
7552 4406 0
7553 4406 0
7554 4408 0
7555 4408 0
7556 4408 0
7557 4408 0
7558 4410 0
7559 4410 0
7560 4412 0
7561 4412 0
7562 4414 0
7563 4415 0
7564 4415 0
7565 4416 0
7566 4416 0
7567 4417 0
7568 4417 0
7569 4418 0
7570 4418 0
7571 4420 0
7572 4420 0
7573 4420 0
7574 4420 0
7575 4421 0
7576 4421 0
7577 4423 0
7578 4424 0
7579 4424 0
7580 4425 0
7581 4425 0
7582 4427 0
7583 4427 0
7584 4428 0
7585 4428 0
7586 4429 0
7587 4429 0
7588 4430 0
7589 4430 0
7590 4432 0
7591 4433 0
7592 4433 0
7593 4434 0
7594 4434 0
7595 4436 0
7596 4436 0
7597 4438 0
7598 4438 0
7599 4439 0
7600 4439 0
7601 4441 0
7602 4442 0
7603 4442 0
7604 4443 0
7605 4443 0
7606 4443 0
7607 4443 0
7608 4445 0
7609 4445 0
7610 4447 0
7611 4447 0
7612 4449 0
7613 4450 0
7614 4450 0
7615 4451 0
7616 4451 0
7617 4453 0
7618 4453 0
7619 4455 0
7620 4455 0
7621 4455 0
7622 4455 0
7623 4457 0
7624 4457 0
7625 4458 0
7626 4458 0
7627 4458 0
7628 4458 0
7629 4460 0
7630 4460 0
7631 4462 0
7632 4462 0
7633 4463 0
7634 4463 0
7635 4465 0
7636 4465 0
7637 4467 0
7638 4468 0
7639 4468 0
7640 4470 0
7641 4471 0
7642 4472 0
7643 4472 0
7644 4473 0
7645 4473 0
7646 4474 0
7647 4474 0
7648 4475 0
7649 4475 0
7650 4477 0
7651 4477 0
7652 4478 0
7653 4478 0
7654 4480 0
7655 4480 0
7656 4482 0
7657 4482 0
7658 4482 0
7659 4482 0
7660 4484 0
7661 4485 0
7662 4486 0
7663 4486 0
7664 4488 0
7665 4488 0
7666 4488 0
7667 4488 0
7668 4489 0
7669 4489 0
7670 4491 0
7671 4491 0
7672 4491 0
7673 4491 0
7674 4492 0
7675 4492 0
7676 4492 0
7677 4492 0
7678 4493 0
7679 4493 0
7680 4495 0
7681 4495 0
7682 4495 0
7683 4495 0
7684 4496 0
7685 4496 0
7686 4498 0
7687 4499 0
7688 4499 0
7689 4500 0
7690 4500 0
7691 4501 0
7692 4501 0
7693 4502 0
7694 4502 0
7695 4504 0
7696 4504 0
7697 4505 0
7698 4505 0
7699 4507 0
7700 4507 0
7701 4509 0
7702 4509 0
7703 4509 0
7704 4509 0
7705 4511 0
7706 4511 0
7707 4512 0
7708 4512 0
7709 4512 0
7710 4512 0
7711 4513 0
7712 4513 0
7713 4515 0
7714 4515 0
7715 4515 0
7716 4515 0
7717 4517 0
7718 4517 0
7719 4518 0
7720 4518 0
7721 4519 0
7722 4519 0
7723 4520 0
7724 4520 0
7725 4522 0
7726 4522 0
7727 4523 0
7728 4523 0
7729 4525 0
7730 4525 0
7731 4527 0
7732 4527 0
7733 4527 0
7734 4527 0
7735 4528 0
7736 4528 0
7737 4530 0
7738 4530 0
7739 4530 0
7740 4530 0
7741 4531 0
7742 4531 0
7743 4533 0
7744 4533 0
7745 4533 0
7746 4533 0
7747 4534 0
7748 4534 0
7749 4534 0
7750 4534 0
7751 4536 0
7752 4536 0
7753 4537 0
7754 4537 0
7755 4537 0
7756 4537 0
7757 4539 0
7758 4539 0
7759 4541 0
7760 4541 0
7761 4542 0
7762 4542 0
7763 4543 0
7764 4543 0
7765 4544 0
7766 4544 0
7767 4546 0
7768 4546 0
7769 4548 0
7770 4549 0
7771 4550 0
7772 4550 0
7773 4551 0
7774 4551 0
7775 4551 0
7776 4551 0
7777 4553 0
7778 4553 0
7779 4554 0
7780 4554 0
7781 4554 0
7782 4554 0
7783 4556 0
7784 4556 0
7785 4558 0
7786 4558 0
7787 4560 0
7788 4560 0
7789 4560 0
7790 4560 0
7791 4562 0
7792 4562 0
7793 4564 0
7794 4564 0
7795 4566 0
7796 4566 0
7797 4566 0
7798 4566 0
7799 4567 0
7800 4567 0
7801 4567 0
7802 4567 0
7803 4569 0
7804 4569 0
7805 4570 0
7806 4570 0
7807 4570 0
7808 4570 0
7809 4571 0
7810 4571 0
7811 4573 0
7812 4574 0
7813 4574 0
7814 4575 0
7815 4575 0
7816 4577 0
7817 4577 0
7818 4578 0
7819 4578 0
7820 4579 0
7821 4579 0
7822 4580 0
7823 4580 0
7824 4582 0
7825 4583 0
7826 4583 0
7827 4584 0
7828 4584 0
7829 4584 0
7830 4584 0
7831 4586 0
7832 4586 0
7833 4588 0
7834 4588 0
7835 4588 0
7836 4588 0
7837 4590 0
7838 4590 0
7839 4591 0
7840 4591 0
7841 4591 0
7842 4591 0
7843 4592 0
7844 4592 0
7845 4594 0
7846 4594 0
7847 4594 0
7848 4594 0
7849 4595 0
7850 4595 0
7851 4597 0
7852 4598 0
7853 4598 0
7854 4599 0
7855 4599 0
7856 4601 0
7857 4601 0
7858 4602 0
7859 4602 0
7860 4603 0
7861 4603 0
7862 4604 0
7863 4604 0
7864 4606 0
7865 4606 0
7866 4606 0
7867 4606 0
7868 4608 0
7869 4608 0
7870 4610 0
7871 4610 0
7872 4611 0
7873 4611 0
7874 4613 0
7875 4613 0
7876 4614 0
7877 4614 0
7878 4615 0
7879 4615 0
7880 4616 0
7881 4616 0
7882 4618 0
7883 4618 0
7884 4618 0
7885 4618 0
7886 4619 0
7887 4619 0
7888 4621 0
7889 4622 0
7890 4622 0
7891 4623 0
7892 4623 0
7893 4624 0
7894 4624 0
7895 4625 0
7896 4625 0
7897 4627 0
7898 4628 0
7899 4628 0
7900 4629 0
7901 4629 0
7902 4631 0
7903 4631 0
7904 4633 0
7905 4633 0
7906 4634 0
7907 4634 0
7908 4636 0
7909 4637 0
7910 4637 0
7911 4638 0
7912 4638 0
7913 4638 0
7914 4638 0
7915 4639 0
7916 4639 0
7917 4641 0
7918 4641 0
7919 4641 0
7920 4641 0
7921 4643 0
7922 4644 0
7923 4644 0
7924 4645 0
7925 4645 0
7926 4646 0
7927 4646 0
7928 4648 0
7929 4649 0
7930 4649 0
7931 4651 0
7932 4652 0
7933 4652 0
7934 4653 0
7935 4653 0
7936 4653 0
7937 4653 0
7938 4655 0
7939 4655 0
7940 4656 0
7941 4656 0
7942 4657 0
7943 4657 0
7944 4658 0
7945 4658 0
7946 4660 0
7947 4660 0
7948 4662 0
7949 4663 0
7950 4663 0
7951 4665 0
7952 4665 0
7953 4665 0
7954 4665 0
7955 4667 0
7956 4667 0
7957 4668 0
7958 4668 0
7959 4669 0
7960 4669 0
7961 4670 0
7962 4670 0
7963 4672 0
7964 4672 0
7965 4673 0
7966 4673 0
7967 4675 0
7968 4676 0
7969 4676 0
7970 4678 0
7971 4679 0
7972 4679 0
7973 4680 0
7974 4680 0
7975 4680 0
7976 4680 0
7977 4682 0
7978 4682 0
7979 4683 0
7980 4683 0
7981 4683 0
7982 4683 0
7983 4684 0
7984 4684 0
7985 4686 0
7986 4686 0
7987 4686 0
7988 4686 0
7989 4687 0
7990 4687 0
7991 4687 0
7992 4687 0
7993 4689 0
7994 4689 0
7995 4690 0
7996 4690 0
7997 4690 0
7998 4690 0
7999 4692 0
8000 4692 0
8001 4694 0
8002 4694 0
8003 4695 0
8004 4695 0
8005 4696 0
8006 4696 0
8007 4697 0
8008 4697 0
8009 4699 0
8010 4699 0
8011 4700 0
8012 4700 0
8013 4702 0
8014 4703 0
8015 4703 0
8016 4704 0
8017 4704 0
8018 4704 0
8019 4704 0
8020 4706 0
8021 4706 0
8022 4707 0
8023 4707 0
8024 4707 0
8025 4707 0
8026 4709 0
8027 4709 0
8028 4711 0
8029 4711 0
8030 4711 0
8031 4711 0
8032 4712 0
8033 4712 0
8034 4714 0
8035 4714 0
8036 4714 0
8037 4714 0
8038 4715 0
8039 4715 0
8040 4717 0
8041 4718 0
8042 4718 0
8043 4719 0
8044 4719 0
8045 4720 0
8046 4720 0
8047 4721 0
8048 4721 0
8049 4723 0
8050 4723 0
8051 4724 0
8052 4724 0
8053 4726 0
8054 4727 0
8055 4727 0
8056 4728 0
8057 4728 0
8058 4728 0
8059 4728 0
8060 4729 0
8061 4729 0
8062 4731 0
8063 4731 0
8064 4731 0
8065 4731 0
8066 4732 0
8067 4732 0
8068 4734 0
8069 4735 0
8070 4735 0
8071 4737 0
8072 4737 0
8073 4737 0
8074 4737 0
8075 4738 0
8076 4738 0
8077 4738 0
8078 4738 0
8079 4740 0
8080 4740 0
8081 4741 0
8082 4741 0
8083 4741 0
8084 4741 0
8085 4742 0
8086 4742 0
8087 4744 0
8088 4744 0
8089 4744 0
8090 4744 0
8091 4746 0
8092 4746 0
8093 4748 0
8094 4748 0
8095 4749 0
8096 4749 0
8097 4751 0
8098 4751 0
8099 4752 0
8100 4752 0
8101 4753 0
8102 4753 0
8103 4754 0
8104 4754 0
8105 4756 0
8106 4756 0
8107 4756 0
8108 4756 0
8109 4757 0
8110 4757 0
8111 4759 0
8112 4759 0
8113 4759 0
8114 4759 0
8115 4761 0
8116 4761 0
8117 4763 0
8118 4763 0
8119 4764 0
8120 4764 0
8121 4766 0
8122 4766 0
8123 4767 0
8124 4767 0
8125 4768 0
8126 4768 0
8127 4769 0
8128 4769 0
8129 4771 0
8130 4771 0
8131 4771 0
8132 4771 0
8133 4773 0
8134 4773 0
8135 4775 0
8136 4775 0
8137 4776 0
8138 4776 0
8139 4778 0
8140 4778 0
8141 4780 0
8142 4780 0
8143 4781 0
8144 4781 0
8145 4783 0
8146 4783 0
8147 4783 0
8148 4783 0
8149 4784 0
8150 4784 0
8151 4786 0
8152 4787 0
8153 4787 0
8154 4788 0
8155 4788 0
8156 4790 0
8157 4790 0
8158 4791 0
8159 4791 0
8160 4792 0
8161 4792 0
8162 4793 0
8163 4793 0
8164 4795 0
8165 4796 0
8166 4797 0
8167 4798 0
8168 4799 0
8169 4799 0
8170 4801 0
8171 4801 0
8172 4802 0
8173 4802 0
8174 4804 0
8175 4805 0
8176 4805 0
8177 4806 0
8178 4806 0
8179 4806 0
8180 4806 0
8181 4808 0
8182 4808 0
8183 4809 0
8184 4809 0
8185 4810 0
8186 4810 0
8187 4812 0
8188 4813 0
8189 4813 0
8190 4814 0
8191 4814 0
8192 4816 0
8193 4817 0
8194 4818 0
8195 4818 0
8196 4818 0
8197 4818 0
8198 4820 0
8199 4820 0
8200 4821 0
8201 4821 0
8202 4822 0
8203 4822 0
8204 4823 0
8205 4823 0
8206 4825 0
8207 4826 0
8208 4826 0
8209 4828 0
8210 4829 0
8211 4829 0
8212 4830 0
8213 4830 0
8214 4830 0
8215 4830 0
8216 4831 0
8217 4831 0
8218 4833 0
8219 4833 0
8220 4833 0
8221 4833 0
8222 4835 0
8223 4835 0
8224 4836 0
8225 4836 0
8226 4837 0
8227 4837 0
8228 4838 0
8229 4838 0
8230 4840 0
8231 4840 0
8232 4841 0
8233 4841 0
8234 4843 0
8235 4844 0
8236 4844 0
8237 4845 0
8238 4845 0
8239 4845 0
8240 4845 0
8241 4847 0
8242 4847 0
8243 4848 0
8244 4848 0
8245 4848 0
8246 4848 0
8247 4850 0
8248 4850 0
8249 4851 0
8250 4851 0
8251 4851 0
8252 4851 0
8253 4852 0
8254 4852 0
8255 4854 0
8256 4854 0
8257 4854 0
8258 4854 0
8259 4855 0
8260 4855 0
8261 4855 0
8262 4855 0
8263 4856 0
8264 4856 0
8265 4858 0
8266 4858 0
8267 4858 0
8268 4858 0
8269 4859 0
8270 4859 0
8271 4861 0
8272 4862 0
8273 4862 0
8274 4863 0
8275 4863 0
8276 4864 0
8277 4864 0
8278 4865 0
8279 4865 0
8280 4867 0
8281 4867 0
8282 4868 0
8283 4868 0
8284 4870 0
8285 4870 0
8286 4872 0
8287 4872 0
8288 4872 0
8289 4872 0
8290 4874 0
8291 4874 0
8292 4875 0
8293 4875 0
8294 4875 0
8295 4875 0
8296 4876 0
8297 4876 0
8298 4878 0
8299 4878 0
8300 4878 0
8301 4878 0
8302 4879 0
8303 4879 0
8304 4881 0
8305 4881 0
8306 4881 0
8307 4881 0
8308 4882 0
8309 4882 0
8310 4882 0
8311 4882 0
8312 4883 0
8313 4883 0
8314 4885 0
8315 4886 0
8316 4886 0
8317 4887 0
8318 4887 0
8319 4888 0
8320 4888 0
8321 4889 0
8322 4889 0
8323 4891 0
8324 4891 0
8325 4892 0
8326 4892 0
8327 4894 0
8328 4895 0
8329 4895 0
8330 4896 0
8331 4896 0
8332 4896 0
8333 4896 0
8334 4898 0
8335 4898 0
8336 4899 0
8337 4899 0
8338 4899 0
8339 4899 0
8340 4901 0
8341 4901 0
8342 4902 0
8343 4902 0
8344 4903 0
8345 4903 0
8346 4904 0
8347 4904 0
8348 4906 0
8349 4906 0
8350 4907 0
8351 4907 0
8352 4909 0
8353 4910 0
8354 4910 0
8355 4911 0
8356 4911 0
8357 4911 0
8358 4911 0
8359 4913 0
8360 4913 0
8361 4915 0
8362 4916 0
8363 4916 0
8364 4917 0
8365 4917 0
8366 4917 0
8367 4917 0
8368 4918 0
8369 4918 0
8370 4918 0
8371 4918 0
8372 4920 0
8373 4920 0
8374 4921 0
8375 4921 0
8376 4921 0
8377 4921 0
8378 4923 0
8379 4923 0
8380 4924 0
8381 4924 0
8382 4926 0
8383 4926 0
8384 4926 0
8385 4926 0
8386 4927 0
8387 4927 0
8388 4929 0
8389 4930 0
8390 4930 0
8391 4930 0
8392 4930 0
8393 4932 0
8394 4932 0
8395 4933 0
8396 4933 0
8397 4933 0
8398 4933 0
8399 4935 0
8400 4936 0
8401 4936 0
8402 4936 0
8403 4936 0
8404 4937 0
8405 4937 0
8406 4939 0
8407 4940 0
8408 4940 0
8409 4941 0
8410 4941 0
8411 4943 0
8412 4943 0
8413 4944 0
8414 4944 0
8415 4945 0
8416 4945 0
8417 4946 0
8418 4946 0
8419 4948 0
8420 4948 0
8421 4948 0
8422 4948 0
8423 4950 0
8424 4950 0
8425 4952 0
8426 4952 0
8427 4953 0
8428 4953 0
8429 4955 0
8430 4955 0
8431 4956 0
